#  Training iterations: 3
0:10: 0 0.5 0.5
0:10:c 0 0.5 0.5
0:10:cr 0.5 0.5 0
0:10:r 0.5 0.5 0
0:11: 0 0.5 0.5
0:11:c 0 0.5 0.5
0:11:cr 0.5 0.5 0
0:11:r 0.5 0.5 0
0:12: 0 0.5 0.5
0:12:c 0 0.5 0.5
0:12:cr 0.5 0.5 0
0:12:r 0.5 0.5 0
0:13: 0 0.5 0.5
0:13:c 0 0.5 0.5
0:13:cr 0.5 0.5 0
0:13:r 0.5 0.5 0
0:14: 0 0.5 0.5
0:14:c 0 0.5 0.5
0:14:cr 0.5 0.5 0
0:14:r 0.5 0.5 0
0:15: 0 0.5 0.5
0:15:c 0 0.5 0.5
0:15:cr 0.5 0.5 0
0:15:r 0.5 0.5 0
0:16: 0 0.5 0.5
0:16:c 0 0.5 0.5
0:16:cr 0.5 0.5 0
0:16:r 0.5 0.5 0
0:17: 0 0.5 0.5
0:17:c 0 0.5 0.5
0:17:cr 0.5 0.5 0
0:17:r 0.5 0.5 0
0:18: 0 0.5 0.5
0:18:c 0 0.5 0.5
0:18:cr 0.5 0.5 0
0:18:r 0.5 0.5 0
0:19: 0 0.5 0.5
0:19:c 0 0.5 0.5
0:19:cr 0.5 0.5 0
0:19:r 0.5 0.5 0
0:1: 0 0.5 0.5
0:1:c 0 0.5 0.5
0:1:cr 0.5 0.5 0
0:1:r 0.5 0.5 0
0:20: 0 0.5 0.5
0:20:c 0 0.5 0.5
0:20:cr 0.5 0.5 0
0:20:r 0.5 0.5 0
0:21: 0 0.5 0.5
0:21:c 0 0.5 0.5
0:21:cr 0.5 0.5 0
0:21:r 0.5 0.5 0
0:22: 0 0.5 0.5
0:22:c 0 0.5 0.5
0:22:cr 0.5 0.5 0
0:22:r 0.5 0.5 0
0:23: 0 0.5 0.5
0:23:c 0 0.5 0.5
0:23:cr 0.5 0.5 0
0:23:r 0.5 0.5 0
0:24: 0 0.5 0.5
0:24:c 0 0.5 0.5
0:24:cr 0.5 0.5 0
0:24:r 0.5 0.5 0
0:25: 0 0.5 0.5
0:25:c 0 0.5 0.5
0:25:cr 0.5 0.5 0
0:25:r 0.5 0.5 0
0:26: 0 0.5 0.5
0:26:c 0 0.5 0.5
0:26:cr 0.5 0.5 0
0:26:r 0.5 0.5 0
0:27: 0 0.5 0.5
0:27:c 0 0.5 0.5
0:27:cr 0.5 0.5 0
0:27:r 0.5 0.5 0
0:28: 0 0.5 0.5
0:28:c 0 0.5 0.5
0:28:cr 0.5 0.5 0
0:28:r 0.5 0.5 0
0:29: 0 0.5 0.5
0:29:c 0 0.5 0.5
0:29:cr 0.5 0.5 0
0:29:r 0.5 0.5 0
0:2: 0 0.5 0.5
0:2:c 0 0.5 0.5
0:2:cr 0.5 0.5 0
0:2:r 0.5 0.5 0
0:30: 0 0.5 0.5
0:30:c 0 0.5 0.5
0:30:cr 0.5 0.5 0
0:30:r 0.5 0.5 0
0:31: 0 0.5 0.5
0:31:c 0 0.5 0.5
0:31:cr 0.5 0.5 0
0:31:r 0.5 0.5 0
0:32: 0 0.5 0.5
0:32:c 0 0.5 0.5
0:32:cr 0.5 0.5 0
0:32:r 0.5 0.5 0
0:33: 0 0.5 0.5
0:33:c 0 0.5 0.5
0:33:cr 0.5 0.5 0
0:33:r 0.5 0.5 0
0:34: 0 0.5 0.5
0:34:c 0 0.5 0.5
0:34:cr 0.5 0.5 0
0:34:r 0.5 0.5 0
0:35: 0 0.5 0.5
0:35:c 0 0.5 0.5
0:35:cr 0.5 0.5 0
0:35:r 0.5 0.5 0
0:36: 0 0.5 0.5
0:36:c 0 0.5 0.5
0:36:cr 0.5 0.5 0
0:36:r 0.5 0.5 0
0:37: 0 0.5 0.5
0:37:c 0 0.5 0.5
0:37:cr 0.5 0.5 0
0:37:r 0.5 0.5 0
0:38: 0 0.5 0.5
0:38:c 0 0.5 0.5
0:38:cr 0.5 0.5 0
0:38:r 0.5 0.5 0
0:39: 0 0.5 0.5
0:39:c 0 0.5 0.5
0:39:cr 0.5 0.5 0
0:39:r 0.5 0.5 0
0:3: 0 0.5 0.5
0:3:c 0 0.5 0.5
0:3:cr 0.5 0.5 0
0:3:r 0.5 0.5 0
0:40: 0 0.5 0.5
0:40:c 0 0.5 0.5
0:40:cr 0.5 0.5 0
0:40:r 0.5 0.5 0
0:41: 0 0.5 0.5
0:41:c 0 0.5 0.5
0:41:cr 0.5 0.5 0
0:41:r 0.5 0.5 0
0:42: 0 0.5 0.5
0:42:c 0 0.5 0.5
0:42:cr 0.5 0.5 0
0:42:r 0.5 0.5 0
0:43: 0 0.5 0.5
0:43:c 0 0.5 0.5
0:43:cr 0.5 0.5 0
0:43:r 0.5 0.5 0
0:44: 0 0.5 0.5
0:44:c 0 0.5 0.5
0:44:cr 0.5 0.5 0
0:44:r 0.5 0.5 0
0:45: 0 0.5 0.5
0:45:c 0 0.5 0.5
0:45:cr 0.5 0.5 0
0:45:r 0.5 0.5 0
0:46: 0 0.5 0.5
0:46:c 0 0.5 0.5
0:46:cr 0.5 0.5 0
0:46:r 0.5 0.5 0
0:47: 0 0.5 0.5
0:47:c 0 0.5 0.5
0:47:cr 0.5 0.5 0
0:47:r 0.5 0.5 0
0:48: 0 0.5 0.5
0:48:c 0 0.5 0.5
0:48:cr 0.5 0.5 0
0:48:r 0.5 0.5 0
0:49: 0 0.5 0.5
0:49:c 0 0.5 0.5
0:49:cr 0.5 0.5 0
0:49:r 0.5 0.5 0
0:4: 0 0.5 0.5
0:4:c 0 0.5 0.5
0:4:cr 0.5 0.5 0
0:4:r 0.5 0.5 0
0:50: 0 0.5 0.5
0:50:c 0 0.5 0.5
0:50:cr 0.5 0.5 0
0:50:r 0.5 0.5 0
0:51: 0 0.5 0.5
0:51:c 0 0.5 0.5
0:51:cr 0.5 0.5 0
0:51:r 0.5 0.5 0
0:5: 0 0.5 0.5
0:5:c 0 0.5 0.5
0:5:cr 0.5 0.5 0
0:5:r 0.5 0.5 0
0:6: 0 0.5 0.5
0:6:c 0 0.5 0.5
0:6:cr 0.5 0.5 0
0:6:r 0.5 0.5 0
0:7: 0 0.5 0.5
0:7:c 0 0.5 0.5
0:7:cr 0.5 0.5 0
0:7:r 0.5 0.5 0
0:8: 0 0.5 0.5
0:8:c 0 0.5 0.5
0:8:cr 0.5 0.5 0
0:8:r 0.5 0.5 0
0:9: 0 0.5 0.5
0:9:c 0 0.5 0.5
0:9:cr 0.5 0.5 0
0:9:r 0.5 0.5 0
10:11: 0 0.5 0.5
10:11:c 0 0.5 0.5
10:11:cr 0.5 0.5 0
10:11:r 0.5 0.5 0
10:12: 0 0.5 0.5
10:12:c 0 0.5 0.5
10:12:cr 0.5 0.5 0
10:12:r 0.5 0.5 0
10:13: 0 0.5 0.5
10:13:c 0 0.5 0.5
10:13:cr 0.5 0.5 0
10:13:r 0.5 0.5 0
10:14: 0 0.5 0.5
10:14:c 0 0.5 0.5
10:14:cr 0.5 0.5 0
10:14:r 0.5 0.5 0
10:15: 0 0.5 0.5
10:15:c 0 0.5 0.5
10:15:cr 0.5 0.5 0
10:15:r 0.5 0.5 0
10:16: 0 0.5 0.5
10:16:c 0 0.5 0.5
10:16:cr 0.5 0.5 0
10:16:r 0.5 0.5 0
10:17: 0 0.5 0.5
10:17:c 0 0.5 0.5
10:17:cr 0.5 0.5 0
10:17:r 0.5 0.5 0
10:18: 0 0.5 0.5
10:18:c 0 0.5 0.5
10:18:cr 0.5 0.5 0
10:18:r 0.5 0.5 0
10:19: 0 0.5 0.5
10:19:c 0 0.5 0.5
10:19:cr 0.5 0.5 0
10:19:r 0.5 0.5 0
10:20: 0 0.5 0.5
10:20:c 0 0.5 0.5
10:20:cr 0.5 0.5 0
10:20:r 0.5 0.5 0
10:21: 0 0.5 0.5
10:21:c 0 0.5 0.5
10:21:cr 0.5 0.5 0
10:21:r 0.5 0.5 0
10:22: 0 0.5 0.5
10:22:c 0 0.5 0.5
10:22:cr 0.5 0.5 0
10:22:r 0.5 0.5 0
10:23: 0 0.5 0.5
10:23:c 0 0.5 0.5
10:23:cr 0.5 0.5 0
10:23:r 0.5 0.5 0
10:24: 0 0.5 0.5
10:24:c 0 0.5 0.5
10:24:cr 0.5 0.5 0
10:24:r 0.5 0.5 0
10:25: 0 0.5 0.5
10:25:c 0 0.5 0.5
10:25:cr 0.5 0.5 0
10:25:r 0.5 0.5 0
10:26: 0 0.5 0.5
10:26:c 0 0.5 0.5
10:26:cr 0.5 0.5 0
10:26:r 0.5 0.5 0
10:27: 0 0.5 0.5
10:27:c 0 0.5 0.5
10:27:cr 0.5 0.5 0
10:27:r 0.5 0.5 0
10:28: 0 0.5 0.5
10:28:c 0 0.5 0.5
10:28:cr 0.5 0.5 0
10:28:r 0.5 0.5 0
10:29: 0 0.5 0.5
10:29:c 0 0.5 0.5
10:29:cr 0.5 0.5 0
10:29:r 0.5 0.5 0
10:30: 0 0.5 0.5
10:30:c 0 0.5 0.5
10:30:cr 0.5 0.5 0
10:30:r 0.5 0.5 0
10:31: 0 0.5 0.5
10:31:c 0 0.5 0.5
10:31:cr 0.5 0.5 0
10:31:r 0.5 0.5 0
10:32: 0 0.5 0.5
10:32:c 0 0.5 0.5
10:32:cr 0.5 0.5 0
10:32:r 0.5 0.5 0
10:33: 0 0.5 0.5
10:33:c 0 0.5 0.5
10:33:cr 0.5 0.5 0
10:33:r 0.5 0.5 0
10:34: 0 0.5 0.5
10:34:c 0 0.5 0.5
10:34:cr 0.5 0.5 0
10:34:r 0.5 0.5 0
10:35: 0 0.5 0.5
10:35:c 0 0.5 0.5
10:35:cr 0.5 0.5 0
10:35:r 0.5 0.5 0
10:36: 0 0.5 0.5
10:36:c 0 0.5 0.5
10:36:cr 0.5 0.5 0
10:36:r 0.5 0.5 0
10:37: 0 0.5 0.5
10:37:c 0 0.5 0.5
10:37:cr 0.5 0.5 0
10:37:r 0.5 0.5 0
10:38: 0 0.5 0.5
10:38:c 0 0.5 0.5
10:38:cr 0.5 0.5 0
10:38:r 0.5 0.5 0
10:39: 0 0.5 0.5
10:39:c 0 0.5 0.5
10:39:cr 0.5 0.5 0
10:39:r 0.5 0.5 0
10:40: 0 0.5 0.5
10:40:c 0 0.5 0.5
10:40:cr 0.5 0.5 0
10:40:r 0.5 0.5 0
10:41: 0 0.5 0.5
10:41:c 0 0.5 0.5
10:41:cr 0.5 0.5 0
10:41:r 0.5 0.5 0
10:42: 0 0.5 0.5
10:42:c 0 0.5 0.5
10:42:cr 0.5 0.5 0
10:42:r 0.5 0.5 0
10:43: 0 0.5 0.5
10:43:c 0 0.5 0.5
10:43:cr 0.5 0.5 0
10:43:r 0.5 0.5 0
10:44: 0 0.5 0.5
10:44:c 0 0.5 0.5
10:44:cr 0.5 0.5 0
10:44:r 0.5 0.5 0
10:45: 0 0.5 0.5
10:45:c 0 0.5 0.5
10:45:cr 0.5 0.5 0
10:45:r 0.5 0.5 0
10:46: 0 0.5 0.5
10:46:c 0 0.5 0.5
10:46:cr 0.5 0.5 0
10:46:r 0.5 0.5 0
10:47: 0 0.5 0.5
10:47:c 0 0.5 0.5
10:47:cr 0.5 0.5 0
10:47:r 0.5 0.5 0
10:48: 0 0.5 0.5
10:48:c 0 0.5 0.5
10:48:cr 0.5 0.5 0
10:48:r 0.5 0.5 0
10:49: 0 0.5 0.5
10:49:c 0 0.5 0.5
10:49:cr 0.5 0.5 0
10:49:r 0.5 0.5 0
10:50: 0 0.5 0.5
10:50:c 0 0.5 0.5
10:50:cr 0.5 0.5 0
10:50:r 0.5 0.5 0
10:51: 0 0.5 0.5
10:51:c 0 0.5 0.5
10:51:cr 0.5 0.5 0
10:51:r 0.5 0.5 0
11:12: 0 0.5 0.5
11:12:c 0 0.5 0.5
11:12:cr 0.5 0.5 0
11:12:r 0.5 0.5 0
11:13: 0 0.5 0.5
11:13:c 0 0.5 0.5
11:13:cr 0.5 0.5 0
11:13:r 0.5 0.5 0
11:14: 0 0.5 0.5
11:14:c 0 0.5 0.5
11:14:cr 0.5 0.5 0
11:14:r 0.5 0.5 0
11:15: 0 0.5 0.5
11:15:c 0 0.5 0.5
11:15:cr 0.5 0.5 0
11:15:r 0.5 0.5 0
11:16: 0 0.5 0.5
11:16:c 0 0.5 0.5
11:16:cr 0.5 0.5 0
11:16:r 0.5 0.5 0
11:17: 0 0.5 0.5
11:17:c 0 0.5 0.5
11:17:cr 0.5 0.5 0
11:17:r 0.5 0.5 0
11:18: 0 0.5 0.5
11:18:c 0 0.5 0.5
11:18:cr 0.5 0.5 0
11:18:r 0.5 0.5 0
11:19: 0 0.5 0.5
11:19:c 0 0.5 0.5
11:19:cr 0.5 0.5 0
11:19:r 0.5 0.5 0
11:20: 0 0.5 0.5
11:20:c 0 0.5 0.5
11:20:cr 0.5 0.5 0
11:20:r 0.5 0.5 0
11:21: 0 0.5 0.5
11:21:c 0 0.5 0.5
11:21:cr 0.5 0.5 0
11:21:r 0.5 0.5 0
11:22: 0 0.5 0.5
11:22:c 0 0.5 0.5
11:22:cr 0.5 0.5 0
11:22:r 0.5 0.5 0
11:23: 0 0.5 0.5
11:23:c 0 0.5 0.5
11:23:cr 0.5 0.5 0
11:23:r 0.5 0.5 0
11:24: 0 0.5 0.5
11:24:c 0 0.5 0.5
11:24:cr 0.5 0.5 0
11:24:r 0.5 0.5 0
11:25: 0 0.5 0.5
11:25:c 0 0.5 0.5
11:25:cr 0.5 0.5 0
11:25:r 0.5 0.5 0
11:26: 0 0.5 0.5
11:26:c 0 0.5 0.5
11:26:cr 0.5 0.5 0
11:26:r 0.5 0.5 0
11:27: 0 0.5 0.5
11:27:c 0 0.5 0.5
11:27:cr 0.5 0.5 0
11:27:r 0.5 0.5 0
11:28: 0 0.5 0.5
11:28:c 0 0.5 0.5
11:28:cr 0.5 0.5 0
11:28:r 0.5 0.5 0
11:29: 0 0.5 0.5
11:29:c 0 0.5 0.5
11:29:cr 0.5 0.5 0
11:29:r 0.5 0.5 0
11:30: 0 0.5 0.5
11:30:c 0 0.5 0.5
11:30:cr 0.5 0.5 0
11:30:r 0.5 0.5 0
11:31: 0 0.5 0.5
11:31:c 0 0.5 0.5
11:31:cr 0.5 0.5 0
11:31:r 0.5 0.5 0
11:32: 0 0.5 0.5
11:32:c 0 0.5 0.5
11:32:cr 0.5 0.5 0
11:32:r 0.5 0.5 0
11:33: 0 0.5 0.5
11:33:c 0 0.5 0.5
11:33:cr 0.5 0.5 0
11:33:r 0.5 0.5 0
11:34: 0 0.5 0.5
11:34:c 0 0.5 0.5
11:34:cr 0.5 0.5 0
11:34:r 0.5 0.5 0
11:35: 0 0.5 0.5
11:35:c 0 0.5 0.5
11:35:cr 0.5 0.5 0
11:35:r 0.5 0.5 0
11:36: 0 0.5 0.5
11:36:c 0 0.5 0.5
11:36:cr 0.5 0.5 0
11:36:r 0.5 0.5 0
11:37: 0 0.5 0.5
11:37:c 0 0.5 0.5
11:37:cr 0.5 0.5 0
11:37:r 0.5 0.5 0
11:38: 0 0.5 0.5
11:38:c 0 0.5 0.5
11:38:cr 0.5 0.5 0
11:38:r 0.5 0.5 0
11:39: 0 0.5 0.5
11:39:c 0 0.5 0.5
11:39:cr 0.5 0.5 0
11:39:r 0.5 0.5 0
11:40: 0 0.5 0.5
11:40:c 0 0.5 0.5
11:40:cr 0.5 0.5 0
11:40:r 0.5 0.5 0
11:41: 0 0.5 0.5
11:41:c 0 0.5 0.5
11:41:cr 0.5 0.5 0
11:41:r 0.5 0.5 0
11:42: 0 0.5 0.5
11:42:c 0 0.5 0.5
11:42:cr 0.5 0.5 0
11:42:r 0.5 0.5 0
11:43: 0 0.5 0.5
11:43:c 0 0.5 0.5
11:43:cr 0.5 0.5 0
11:43:r 0.5 0.5 0
11:44: 0 0.5 0.5
11:44:c 0 0.5 0.5
11:44:cr 0.5 0.5 0
11:44:r 0.5 0.5 0
11:45: 0 0.5 0.5
11:45:c 0 0.5 0.5
11:45:cr 0.5 0.5 0
11:45:r 0.5 0.5 0
11:46: 0 0.5 0.5
11:46:c 0 0.5 0.5
11:46:cr 0.5 0.5 0
11:46:r 0.5 0.5 0
11:47: 0 0.5 0.5
11:47:c 0 0.5 0.5
11:47:cr 0.5 0.5 0
11:47:r 0.5 0.5 0
11:48: 0 0.5 0.5
11:48:c 0 0.5 0.5
11:48:cr 0.5 0.5 0
11:48:r 0.5 0.5 0
11:49: 0 0.5 0.5
11:49:c 0 0.5 0.5
11:49:cr 0.5 0.5 0
11:49:r 0.5 0.5 0
11:50: 0 0.5 0.5
11:50:c 0 0.5 0.5
11:50:cr 0.5 0.5 0
11:50:r 0.5 0.5 0
11:51: 0 0.5 0.5
11:51:c 0 0.5 0.5
11:51:cr 0.5 0.5 0
11:51:r 0.5 0.5 0
12:13: 0 0.5 0.5
12:13:c 0 0.5 0.5
12:13:cr 0.5 0.5 0
12:13:r 0.5 0.5 0
12:14: 0 0.5 0.5
12:14:c 0 0.5 0.5
12:14:cr 0.5 0.5 0
12:14:r 0.5 0.5 0
12:15: 0 0.5 0.5
12:15:c 0 0.5 0.5
12:15:cr 0.5 0.5 0
12:15:r 0.5 0.5 0
12:16: 0 0.5 0.5
12:16:c 0 0.5 0.5
12:16:cr 0.5 0.5 0
12:16:r 0.5 0.5 0
12:17: 0 0.5 0.5
12:17:c 0 0.5 0.5
12:17:cr 0.5 0.5 0
12:17:r 0.5 0.5 0
12:18: 0 0.5 0.5
12:18:c 0 0.5 0.5
12:18:cr 0.5 0.5 0
12:18:r 0.5 0.5 0
12:19: 0 0.5 0.5
12:19:c 0 0.5 0.5
12:19:cr 0.5 0.5 0
12:19:r 0.5 0.5 0
12:20: 0 0.5 0.5
12:20:c 0 0.5 0.5
12:20:cr 0.5 0.5 0
12:20:r 0.5 0.5 0
12:21: 0 0.5 0.5
12:21:c 0 0.5 0.5
12:21:cr 0.5 0.5 0
12:21:r 0.5 0.5 0
12:22: 0 0.5 0.5
12:22:c 0 0.5 0.5
12:22:cr 0.5 0.5 0
12:22:r 0.5 0.5 0
12:23: 0 0.5 0.5
12:23:c 0 0.5 0.5
12:23:cr 0.5 0.5 0
12:23:r 0.5 0.5 0
12:24: 0 0.5 0.5
12:24:c 0 0.5 0.5
12:24:cr 0.5 0.5 0
12:24:r 0.5 0.5 0
12:25: 0 0.5 0.5
12:25:c 0 0.5 0.5
12:25:cr 0.5 0.5 0
12:25:r 0.5 0.5 0
12:26: 0 0.5 0.5
12:26:c 0 0.5 0.5
12:26:cr 0.5 0.5 0
12:26:r 0.5 0.5 0
12:27: 0 0.5 0.5
12:27:c 0 0.5 0.5
12:27:cr 0.5 0.5 0
12:27:r 0.5 0.5 0
12:28: 0 0.5 0.5
12:28:c 0 0.5 0.5
12:28:cr 0.5 0.5 0
12:28:r 0.5 0.5 0
12:29: 0 0.5 0.5
12:29:c 0 0.5 0.5
12:29:cr 0.5 0.5 0
12:29:r 0.5 0.5 0
12:30: 0 0.5 0.5
12:30:c 0 0.5 0.5
12:30:cr 0.5 0.5 0
12:30:r 0.5 0.5 0
12:31: 0 0.5 0.5
12:31:c 0 0.5 0.5
12:31:cr 0.5 0.5 0
12:31:r 0.5 0.5 0
12:32: 0 0.5 0.5
12:32:c 0 0.5 0.5
12:32:cr 0.5 0.5 0
12:32:r 0.5 0.5 0
12:33: 0 0.5 0.5
12:33:c 0 0.5 0.5
12:33:cr 0.5 0.5 0
12:33:r 0.5 0.5 0
12:34: 0 0.5 0.5
12:34:c 0 0.5 0.5
12:34:cr 0.5 0.5 0
12:34:r 0.5 0.5 0
12:35: 0 0.5 0.5
12:35:c 0 0.5 0.5
12:35:cr 0.5 0.5 0
12:35:r 0.5 0.5 0
12:36: 0 0.5 0.5
12:36:c 0 0.5 0.5
12:36:cr 0.5 0.5 0
12:36:r 0.5 0.5 0
12:37: 0 0.5 0.5
12:37:c 0 0.5 0.5
12:37:cr 0.5 0.5 0
12:37:r 0.5 0.5 0
12:38: 0 0.5 0.5
12:38:c 0 0.5 0.5
12:38:cr 0.5 0.5 0
12:38:r 0.5 0.5 0
12:39: 0 0.5 0.5
12:39:c 0 0.5 0.5
12:39:cr 0.5 0.5 0
12:39:r 0.5 0.5 0
12:40: 0 0.5 0.5
12:40:c 0 0.5 0.5
12:40:cr 0.5 0.5 0
12:40:r 0.5 0.5 0
12:41: 0 0.5 0.5
12:41:c 0 0.5 0.5
12:41:cr 0.5 0.5 0
12:41:r 0.5 0.5 0
12:42: 0 0.5 0.5
12:42:c 0 0.5 0.5
12:42:cr 0.5 0.5 0
12:42:r 0.5 0.5 0
12:43: 0 0.5 0.5
12:43:c 0 0.5 0.5
12:43:cr 0.5 0.5 0
12:43:r 0.5 0.5 0
12:44: 0 0.5 0.5
12:44:c 0 0.5 0.5
12:44:cr 0.5 0.5 0
12:44:r 0.5 0.5 0
12:45: 0 0.5 0.5
12:45:c 0 0.5 0.5
12:45:cr 0.5 0.5 0
12:45:r 0.5 0.5 0
12:46: 0 0.5 0.5
12:46:c 0 0.5 0.5
12:46:cr 0.5 0.5 0
12:46:r 0.5 0.5 0
12:47: 0 0.5 0.5
12:47:c 0 0.5 0.5
12:47:cr 0.5 0.5 0
12:47:r 0.5 0.5 0
12:48: 0 0.5 0.5
12:48:c 0 0.5 0.5
12:48:cr 0.5 0.5 0
12:48:r 0.5 0.5 0
12:49: 0 0.5 0.5
12:49:c 0 0.5 0.5
12:49:cr 0.5 0.5 0
12:49:r 0.5 0.5 0
12:50: 0 0.5 0.5
12:50:c 0 0.5 0.5
12:50:cr 0.5 0.5 0
12:50:r 0.5 0.5 0
12:51: 0 0.5 0.5
12:51:c 0 0.5 0.5
12:51:cr 0.5 0.5 0
12:51:r 0.5 0.5 0
13:14: 0 0.5 0.5
13:14:c 0 0.5 0.5
13:14:cr 0.5 0.5 0
13:14:r 0.5 0.5 0
13:15: 0 0.5 0.5
13:15:c 0 0.5 0.5
13:15:cr 0.5 0.5 0
13:15:r 0.5 0.5 0
13:16: 0 0.5 0.5
13:16:c 0 0.5 0.5
13:16:cr 0.5 0.5 0
13:16:r 0.5 0.5 0
13:17: 0 0.5 0.5
13:17:c 0 0.5 0.5
13:17:cr 0.5 0.5 0
13:17:r 0.5 0.5 0
13:18: 0 0.5 0.5
13:18:c 0 0.5 0.5
13:18:cr 0.5 0.5 0
13:18:r 0.5 0.5 0
13:19: 0 0.5 0.5
13:19:c 0 0.5 0.5
13:19:cr 0.5 0.5 0
13:19:r 0.5 0.5 0
13:20: 0 0.5 0.5
13:20:c 0 0.5 0.5
13:20:cr 0.5 0.5 0
13:20:r 0.5 0.5 0
13:21: 0 0.5 0.5
13:21:c 0 0.5 0.5
13:21:cr 0.5 0.5 0
13:21:r 0.5 0.5 0
13:22: 0 0.5 0.5
13:22:c 0 0.5 0.5
13:22:cr 0.5 0.5 0
13:22:r 0.5 0.5 0
13:23: 0 0.5 0.5
13:23:c 0 0.5 0.5
13:23:cr 0.5 0.5 0
13:23:r 0.5 0.5 0
13:24: 0 0.5 0.5
13:24:c 0 0.5 0.5
13:24:cr 0.5 0.5 0
13:24:r 0.5 0.5 0
13:25: 0 0.5 0.5
13:25:c 0 0.5 0.5
13:25:cr 0.5 0.5 0
13:25:r 0.5 0.5 0
13:26: 0 0.5 0.5
13:26:c 0 0.5 0.5
13:26:cr 0.5 0.5 0
13:26:r 0.5 0.5 0
13:27: 0 0.5 0.5
13:27:c 0 0.5 0.5
13:27:cr 0.5 0.5 0
13:27:r 0.5 0.5 0
13:28: 0 0.5 0.5
13:28:c 0 0.5 0.5
13:28:cr 0.5 0.5 0
13:28:r 0.5 0.5 0
13:29: 0 0.5 0.5
13:29:c 0 0.5 0.5
13:29:cr 0.5 0.5 0
13:29:r 0.5 0.5 0
13:30: 0 0.5 0.5
13:30:c 0 0.5 0.5
13:30:cr 0.5 0.5 0
13:30:r 0.5 0.5 0
13:31: 0 0.5 0.5
13:31:c 0 0.5 0.5
13:31:cr 0.5 0.5 0
13:31:r 0.5 0.5 0
13:32: 0 0.5 0.5
13:32:c 0 0.5 0.5
13:32:cr 0.5 0.5 0
13:32:r 0.5 0.5 0
13:33: 0 0.5 0.5
13:33:c 0 0.5 0.5
13:33:cr 0.5 0.5 0
13:33:r 0.5 0.5 0
13:34: 0 0.5 0.5
13:34:c 0 0.5 0.5
13:34:cr 0.5 0.5 0
13:34:r 0.5 0.5 0
13:35: 0 0.5 0.5
13:35:c 0 0.5 0.5
13:35:cr 0.5 0.5 0
13:35:r 0.5 0.5 0
13:36: 0 0.5 0.5
13:36:c 0 0.5 0.5
13:36:cr 0.5 0.5 0
13:36:r 0.5 0.5 0
13:37: 0 0.5 0.5
13:37:c 0 0.5 0.5
13:37:cr 0.5 0.5 0
13:37:r 0.5 0.5 0
13:38: 0 0.5 0.5
13:38:c 0 0.5 0.5
13:38:cr 0.5 0.5 0
13:38:r 0.5 0.5 0
13:39: 0 0.5 0.5
13:39:c 0 0.5 0.5
13:39:cr 0.5 0.5 0
13:39:r 0.5 0.5 0
13:40: 0 0.5 0.5
13:40:c 0 0.5 0.5
13:40:cr 0.5 0.5 0
13:40:r 0.5 0.5 0
13:41: 0 0.5 0.5
13:41:c 0 0.5 0.5
13:41:cr 0.5 0.5 0
13:41:r 0.5 0.5 0
13:42: 0 0.5 0.5
13:42:c 0 0.5 0.5
13:42:cr 0.5 0.5 0
13:42:r 0.5 0.5 0
13:43: 0 0.5 0.5
13:43:c 0 0.5 0.5
13:43:cr 0.5 0.5 0
13:43:r 0.5 0.5 0
13:44: 0 0.5 0.5
13:44:c 0 0.5 0.5
13:44:cr 0.5 0.5 0
13:44:r 0.5 0.5 0
13:45: 0 0.5 0.5
13:45:c 0 0.5 0.5
13:45:cr 0.5 0.5 0
13:45:r 0.5 0.5 0
13:46: 0 0.5 0.5
13:46:c 0 0.5 0.5
13:46:cr 0.5 0.5 0
13:46:r 0.5 0.5 0
13:47: 0 0.5 0.5
13:47:c 0 0.5 0.5
13:47:cr 0.5 0.5 0
13:47:r 0.5 0.5 0
13:48: 0 0.5 0.5
13:48:c 0 0.5 0.5
13:48:cr 0.5 0.5 0
13:48:r 0.5 0.5 0
13:49: 0 0.5 0.5
13:49:c 0 0.5 0.5
13:49:cr 0.5 0.5 0
13:49:r 0.5 0.5 0
13:50: 0 0.5 0.5
13:50:c 0 0.5 0.5
13:50:cr 0.5 0.5 0
13:50:r 0.5 0.5 0
13:51: 0 0.5 0.5
13:51:c 0 0.5 0.5
13:51:cr 0.5 0.5 0
13:51:r 0.5 0.5 0
14:15: 0 0.5 0.5
14:15:c 0 0.5 0.5
14:15:cr 0.5 0.5 0
14:15:r 0.5 0.5 0
14:16: 0 0.5 0.5
14:16:c 0 0.5 0.5
14:16:cr 0.5 0.5 0
14:16:r 0.5 0.5 0
14:17: 0 0.5 0.5
14:17:c 0 0.5 0.5
14:17:cr 0.5 0.5 0
14:17:r 0.5 0.5 0
14:18: 0 0.5 0.5
14:18:c 0 0.5 0.5
14:18:cr 0.5 0.5 0
14:18:r 0.5 0.5 0
14:19: 0 0.5 0.5
14:19:c 0 0.5 0.5
14:19:cr 0.5 0.5 0
14:19:r 0.5 0.5 0
14:20: 0 0.5 0.5
14:20:c 0 0.5 0.5
14:20:cr 0.5 0.5 0
14:20:r 0.5 0.5 0
14:21: 0 0.5 0.5
14:21:c 0 0.5 0.5
14:21:cr 0.5 0.5 0
14:21:r 0.5 0.5 0
14:22: 0 0.5 0.5
14:22:c 0 0.5 0.5
14:22:cr 0.5 0.5 0
14:22:r 0.5 0.5 0
14:23: 0 0.5 0.5
14:23:c 0 0.5 0.5
14:23:cr 0.5 0.5 0
14:23:r 0.5 0.5 0
14:24: 0 0.5 0.5
14:24:c 0 0.5 0.5
14:24:cr 0.5 0.5 0
14:24:r 0.5 0.5 0
14:25: 0 0.5 0.5
14:25:c 0 0.5 0.5
14:25:cr 0.5 0.5 0
14:25:r 0.5 0.5 0
14:26: 0 0.5 0.5
14:26:c 0 0.5 0.5
14:26:cr 0.5 0.5 0
14:26:r 0.5 0.5 0
14:27: 0 0.5 0.5
14:27:c 0 0.5 0.5
14:27:cr 0.5 0.5 0
14:27:r 0.5 0.5 0
14:28: 0 0.5 0.5
14:28:c 0 0.5 0.5
14:28:cr 0.5 0.5 0
14:28:r 0.5 0.5 0
14:29: 0 0.5 0.5
14:29:c 0 0.5 0.5
14:29:cr 0.5 0.5 0
14:29:r 0.5 0.5 0
14:30: 0 0.5 0.5
14:30:c 0 0.5 0.5
14:30:cr 0.5 0.5 0
14:30:r 0.5 0.5 0
14:31: 0 0.5 0.5
14:31:c 0 0.5 0.5
14:31:cr 0.5 0.5 0
14:31:r 0.5 0.5 0
14:32: 0 0.5 0.5
14:32:c 0 0.5 0.5
14:32:cr 0.5 0.5 0
14:32:r 0.5 0.5 0
14:33: 0 0.5 0.5
14:33:c 0 0.5 0.5
14:33:cr 0.5 0.5 0
14:33:r 0.5 0.5 0
14:34: 0 0.5 0.5
14:34:c 0 0.5 0.5
14:34:cr 0.5 0.5 0
14:34:r 0.5 0.5 0
14:35: 0 0.5 0.5
14:35:c 0 0.5 0.5
14:35:cr 0.5 0.5 0
14:35:r 0.5 0.5 0
14:36: 0 0.5 0.5
14:36:c 0 0.5 0.5
14:36:cr 0.5 0.5 0
14:36:r 0.5 0.5 0
14:37: 0 0.5 0.5
14:37:c 0 0.5 0.5
14:37:cr 0.5 0.5 0
14:37:r 0.5 0.5 0
14:38: 0 0.5 0.5
14:38:c 0 0.5 0.5
14:38:cr 0.5 0.5 0
14:38:r 0.5 0.5 0
14:39: 0 0.5 0.5
14:39:c 0 0.5 0.5
14:39:cr 0.5 0.5 0
14:39:r 0.5 0.5 0
14:40: 0 0.5 0.5
14:40:c 0 0.5 0.5
14:40:cr 0.5 0.5 0
14:40:r 0.5 0.5 0
14:41: 0 0.5 0.5
14:41:c 0 0.5 0.5
14:41:cr 0.5 0.5 0
14:41:r 0.5 0.5 0
14:42: 0 0.5 0.5
14:42:c 0 0.5 0.5
14:42:cr 0.5 0.5 0
14:42:r 0.5 0.5 0
14:43: 0 0.5 0.5
14:43:c 0 0.5 0.5
14:43:cr 0.5 0.5 0
14:43:r 0.5 0.5 0
14:44: 0 0.5 0.5
14:44:c 0 0.5 0.5
14:44:cr 0.5 0.5 0
14:44:r 0.5 0.5 0
14:45: 0 0.5 0.5
14:45:c 0 0.5 0.5
14:45:cr 0.5 0.5 0
14:45:r 0.5 0.5 0
14:46: 0 0.5 0.5
14:46:c 0 0.5 0.5
14:46:cr 0.5 0.5 0
14:46:r 0.5 0.5 0
14:47: 0 0.5 0.5
14:47:c 0 0.5 0.5
14:47:cr 0.5 0.5 0
14:47:r 0.5 0.5 0
14:48: 0 0.5 0.5
14:48:c 0 0.5 0.5
14:48:cr 0.5 0.5 0
14:48:r 0.5 0.5 0
14:49: 0 0.5 0.5
14:49:c 0 0.5 0.5
14:49:cr 0.5 0.5 0
14:49:r 0.5 0.5 0
14:50: 0 0.5 0.5
14:50:c 0 0.5 0.5
14:50:cr 0.5 0.5 0
14:50:r 0.5 0.5 0
14:51: 0 0.5 0.5
14:51:c 0 0.5 0.5
14:51:cr 0.5 0.5 0
14:51:r 0.5 0.5 0
15:16: 0 0.5 0.5
15:16:c 0 0.5 0.5
15:16:cr 0.5 0.5 0
15:16:r 0.5 0.5 0
15:17: 0 0.5 0.5
15:17:c 0 0.5 0.5
15:17:cr 0.5 0.5 0
15:17:r 0.5 0.5 0
15:18: 0 0.5 0.5
15:18:c 0 0.5 0.5
15:18:cr 0.5 0.5 0
15:18:r 0.5 0.5 0
15:19: 0 0.5 0.5
15:19:c 0 0.5 0.5
15:19:cr 0.5 0.5 0
15:19:r 0.5 0.5 0
15:20: 0 0.5 0.5
15:20:c 0 0.5 0.5
15:20:cr 0.5 0.5 0
15:20:r 0.5 0.5 0
15:21: 0 0.5 0.5
15:21:c 0 0.5 0.5
15:21:cr 0.5 0.5 0
15:21:r 0.5 0.5 0
15:22: 0 0.5 0.5
15:22:c 0 0.5 0.5
15:22:cr 0.5 0.5 0
15:22:r 0.5 0.5 0
15:23: 0 0.5 0.5
15:23:c 0 0.5 0.5
15:23:cr 0.5 0.5 0
15:23:r 0.5 0.5 0
15:24: 0 0.5 0.5
15:24:c 0 0.5 0.5
15:24:cr 0.5 0.5 0
15:24:r 0.5 0.5 0
15:25: 0 0.5 0.5
15:25:c 0 0.5 0.5
15:25:cr 0.5 0.5 0
15:25:r 0.5 0.5 0
15:26: 0 0.5 0.5
15:26:c 0 0.5 0.5
15:26:cr 0.5 0.5 0
15:26:r 0.5 0.5 0
15:27: 0 0.5 0.5
15:27:c 0 0.5 0.5
15:27:cr 0.5 0.5 0
15:27:r 0.5 0.5 0
15:28: 0 0.5 0.5
15:28:c 0 0.5 0.5
15:28:cr 0.5 0.5 0
15:28:r 0.5 0.5 0
15:29: 0 0.5 0.5
15:29:c 0 0.5 0.5
15:29:cr 0.5 0.5 0
15:29:r 0.5 0.5 0
15:30: 0 0.5 0.5
15:30:c 0 0.5 0.5
15:30:cr 0.5 0.5 0
15:30:r 0.5 0.5 0
15:31: 0 0.5 0.5
15:31:c 0 0.5 0.5
15:31:cr 0.5 0.5 0
15:31:r 0.5 0.5 0
15:32: 0 0.5 0.5
15:32:c 0 0.5 0.5
15:32:cr 0.5 0.5 0
15:32:r 0.5 0.5 0
15:33: 0 0.5 0.5
15:33:c 0 0.5 0.5
15:33:cr 0.5 0.5 0
15:33:r 0.5 0.5 0
15:34: 0 0.5 0.5
15:34:c 0 0.5 0.5
15:34:cr 0.5 0.5 0
15:34:r 0.5 0.5 0
15:35: 0 0.5 0.5
15:35:c 0 0.5 0.5
15:35:cr 0.5 0.5 0
15:35:r 0.5 0.5 0
15:36: 0 0.5 0.5
15:36:c 0 0.5 0.5
15:36:cr 0.5 0.5 0
15:36:r 0.5 0.5 0
15:37: 0 0.5 0.5
15:37:c 0 0.5 0.5
15:37:cr 0.5 0.5 0
15:37:r 0.5 0.5 0
15:38: 0 0.5 0.5
15:38:c 0 0.5 0.5
15:38:cr 0.5 0.5 0
15:38:r 0.5 0.5 0
15:39: 0 0.5 0.5
15:39:c 0 0.5 0.5
15:39:cr 0.5 0.5 0
15:39:r 0.5 0.5 0
15:40: 0 0.5 0.5
15:40:c 0 0.5 0.5
15:40:cr 0.5 0.5 0
15:40:r 0.5 0.5 0
15:41: 0 0.5 0.5
15:41:c 0 0.5 0.5
15:41:cr 0.5 0.5 0
15:41:r 0.5 0.5 0
15:42: 0 0.5 0.5
15:42:c 0 0.5 0.5
15:42:cr 0.5 0.5 0
15:42:r 0.5 0.5 0
15:43: 0 0.5 0.5
15:43:c 0 0.5 0.5
15:43:cr 0.5 0.5 0
15:43:r 0.5 0.5 0
15:44: 0 0.5 0.5
15:44:c 0 0.5 0.5
15:44:cr 0.5 0.5 0
15:44:r 0.5 0.5 0
15:45: 0 0.5 0.5
15:45:c 0 0.5 0.5
15:45:cr 0.5 0.5 0
15:45:r 0.5 0.5 0
15:46: 0 0.5 0.5
15:46:c 0 0.5 0.5
15:46:cr 0.5 0.5 0
15:46:r 0.5 0.5 0
15:47: 0 0.5 0.5
15:47:c 0 0.5 0.5
15:47:cr 0.5 0.5 0
15:47:r 0.5 0.5 0
15:48: 0 0.5 0.5
15:48:c 0 0.5 0.5
15:48:cr 0.5 0.5 0
15:48:r 0.5 0.5 0
15:49: 0 0.5 0.5
15:49:c 0 0.5 0.5
15:49:cr 0.5 0.5 0
15:49:r 0.5 0.5 0
15:50: 0 0.5 0.5
15:50:c 0 0.5 0.5
15:50:cr 0.5 0.5 0
15:50:r 0.5 0.5 0
15:51: 0 0.5 0.5
15:51:c 0 0.5 0.5
15:51:cr 0.5 0.5 0
15:51:r 0.5 0.5 0
16:17: 0 0.5 0.5
16:17:c 0 0.5 0.5
16:17:cr 0.5 0.5 0
16:17:r 0.5 0.5 0
16:18: 0 0.5 0.5
16:18:c 0 0.5 0.5
16:18:cr 0.5 0.5 0
16:18:r 0.5 0.5 0
16:19: 0 0.5 0.5
16:19:c 0 0.5 0.5
16:19:cr 0.5 0.5 0
16:19:r 0.5 0.5 0
16:20: 0 0.5 0.5
16:20:c 0 0.5 0.5
16:20:cr 0.5 0.5 0
16:20:r 0.5 0.5 0
16:21: 0 0.5 0.5
16:21:c 0 0.5 0.5
16:21:cr 0.5 0.5 0
16:21:r 0.5 0.5 0
16:22: 0 0.5 0.5
16:22:c 0 0.5 0.5
16:22:cr 0.5 0.5 0
16:22:r 0.5 0.5 0
16:23: 0 0.5 0.5
16:23:c 0 0.5 0.5
16:23:cr 0.5 0.5 0
16:23:r 0.5 0.5 0
16:24: 0 0.5 0.5
16:24:c 0 0.5 0.5
16:24:cr 0.5 0.5 0
16:24:r 0.5 0.5 0
16:25: 0 0.5 0.5
16:25:c 0 0.5 0.5
16:25:cr 0.5 0.5 0
16:25:r 0.5 0.5 0
16:26: 0 0.5 0.5
16:26:c 0 0.5 0.5
16:26:cr 0.5 0.5 0
16:26:r 0.5 0.5 0
16:27: 0 0.5 0.5
16:27:c 0 0.5 0.5
16:27:cr 0.5 0.5 0
16:27:r 0.5 0.5 0
16:28: 0 0.5 0.5
16:28:c 0 0.5 0.5
16:28:cr 0.5 0.5 0
16:28:r 0.5 0.5 0
16:29: 0 0.5 0.5
16:29:c 0 0.5 0.5
16:29:cr 0.5 0.5 0
16:29:r 0.5 0.5 0
16:30: 0 0.5 0.5
16:30:c 0 0.5 0.5
16:30:cr 0.5 0.5 0
16:30:r 0.5 0.5 0
16:31: 0 0.5 0.5
16:31:c 0 0.5 0.5
16:31:cr 0.5 0.5 0
16:31:r 0.5 0.5 0
16:32: 0 0.5 0.5
16:32:c 0 0.5 0.5
16:32:cr 0.5 0.5 0
16:32:r 0.5 0.5 0
16:33: 0 0.5 0.5
16:33:c 0 0.5 0.5
16:33:cr 0.5 0.5 0
16:33:r 0.5 0.5 0
16:34: 0 0.5 0.5
16:34:c 0 0.5 0.5
16:34:cr 0.5 0.5 0
16:34:r 0.5 0.5 0
16:35: 0 0.5 0.5
16:35:c 0 0.5 0.5
16:35:cr 0.5 0.5 0
16:35:r 0.5 0.5 0
16:36: 0 0.5 0.5
16:36:c 0 0.5 0.5
16:36:cr 0.5 0.5 0
16:36:r 0.5 0.5 0
16:37: 0 0.5 0.5
16:37:c 0 0.5 0.5
16:37:cr 0.5 0.5 0
16:37:r 0.5 0.5 0
16:38: 0 0.5 0.5
16:38:c 0 0.5 0.5
16:38:cr 0.5 0.5 0
16:38:r 0.5 0.5 0
16:39: 0 0.5 0.5
16:39:c 0 0.5 0.5
16:39:cr 0.5 0.5 0
16:39:r 0.5 0.5 0
16:40: 0 0.5 0.5
16:40:c 0 0.5 0.5
16:40:cr 0.5 0.5 0
16:40:r 0.5 0.5 0
16:41: 0 0.5 0.5
16:41:c 0 0.5 0.5
16:41:cr 0.5 0.5 0
16:41:r 0.5 0.5 0
16:42: 0 0.5 0.5
16:42:c 0 0.5 0.5
16:42:cr 0.5 0.5 0
16:42:r 0.5 0.5 0
16:43: 0 0.5 0.5
16:43:c 0 0.5 0.5
16:43:cr 0.5 0.5 0
16:43:r 0.5 0.5 0
16:44: 0 0.5 0.5
16:44:c 0 0.5 0.5
16:44:cr 0.5 0.5 0
16:44:r 0.5 0.5 0
16:45: 0 0.5 0.5
16:45:c 0 0.5 0.5
16:45:cr 0.5 0.5 0
16:45:r 0.5 0.5 0
16:46: 0 0.5 0.5
16:46:c 0 0.5 0.5
16:46:cr 0.5 0.5 0
16:46:r 0.5 0.5 0
16:47: 0 0.5 0.5
16:47:c 0 0.5 0.5
16:47:cr 0.5 0.5 0
16:47:r 0.5 0.5 0
16:48: 0 0.5 0.5
16:48:c 0 0.5 0.5
16:48:cr 0.5 0.5 0
16:48:r 0.5 0.5 0
16:49: 0 0.5 0.5
16:49:c 0 0.5 0.5
16:49:cr 0.5 0.5 0
16:49:r 0.5 0.5 0
16:50: 0 0.5 0.5
16:50:c 0 0.5 0.5
16:50:cr 0.5 0.5 0
16:50:r 0.5 0.5 0
16:51: 0 0.5 0.5
16:51:c 0 0.5 0.5
16:51:cr 0.5 0.5 0
16:51:r 0.5 0.5 0
17:18: 0 0.5 0.5
17:18:c 0 0.5 0.5
17:18:cr 0.5 0.5 0
17:18:r 0.5 0.5 0
17:19: 0 0.5 0.5
17:19:c 0 0.5 0.5
17:19:cr 0.5 0.5 0
17:19:r 0.5 0.5 0
17:20: 0 0.5 0.5
17:20:c 0 0.5 0.5
17:20:cr 0.5 0.5 0
17:20:r 0.5 0.5 0
17:21: 0 0.5 0.5
17:21:c 0 0.5 0.5
17:21:cr 0.5 0.5 0
17:21:r 0.5 0.5 0
17:22: 0 0.5 0.5
17:22:c 0 0.5 0.5
17:22:cr 0.5 0.5 0
17:22:r 0.5 0.5 0
17:23: 0 0.5 0.5
17:23:c 0 0.5 0.5
17:23:cr 0.5 0.5 0
17:23:r 0.5 0.5 0
17:24: 0 0.5 0.5
17:24:c 0 0.5 0.5
17:24:cr 0.5 0.5 0
17:24:r 0.5 0.5 0
17:25: 0 0.5 0.5
17:25:c 0 0.5 0.5
17:25:cr 0.5 0.5 0
17:25:r 0.5 0.5 0
17:26: 0 0.5 0.5
17:26:c 0 0.5 0.5
17:26:cr 0.5 0.5 0
17:26:r 0.5 0.5 0
17:27: 0 0.5 0.5
17:27:c 0 0.5 0.5
17:27:cr 0.5 0.5 0
17:27:r 0.5 0.5 0
17:28: 0 0.5 0.5
17:28:c 0 0.5 0.5
17:28:cr 0.5 0.5 0
17:28:r 0.5 0.5 0
17:29: 0 0.5 0.5
17:29:c 0 0.5 0.5
17:29:cr 0.5 0.5 0
17:29:r 0.5 0.5 0
17:30: 0 0.5 0.5
17:30:c 0 0.5 0.5
17:30:cr 0.5 0.5 0
17:30:r 0.5 0.5 0
17:31: 0 0.5 0.5
17:31:c 0 0.5 0.5
17:31:cr 0.5 0.5 0
17:31:r 0.5 0.5 0
17:32: 0 0.5 0.5
17:32:c 0 0.5 0.5
17:32:cr 0.5 0.5 0
17:32:r 0.5 0.5 0
17:33: 0 0.5 0.5
17:33:c 0 0.5 0.5
17:33:cr 0.5 0.5 0
17:33:r 0.5 0.5 0
17:34: 0 0.5 0.5
17:34:c 0 0.5 0.5
17:34:cr 0.5 0.5 0
17:34:r 0.5 0.5 0
17:35: 0 0.5 0.5
17:35:c 0 0.5 0.5
17:35:cr 0.5 0.5 0
17:35:r 0.5 0.5 0
17:36: 0 0.5 0.5
17:36:c 0 0.5 0.5
17:36:cr 0.5 0.5 0
17:36:r 0.5 0.5 0
17:37: 0 0.5 0.5
17:37:c 0 0.5 0.5
17:37:cr 0.5 0.5 0
17:37:r 0.5 0.5 0
17:38: 0 0.5 0.5
17:38:c 0 0.5 0.5
17:38:cr 0.5 0.5 0
17:38:r 0.5 0.5 0
17:39: 0 0.5 0.5
17:39:c 0 0.5 0.5
17:39:cr 0.5 0.5 0
17:39:r 0.5 0.5 0
17:40: 0 0.5 0.5
17:40:c 0 0.5 0.5
17:40:cr 0.5 0.5 0
17:40:r 0.5 0.5 0
17:41: 0 0.5 0.5
17:41:c 0 0.5 0.5
17:41:cr 0.5 0.5 0
17:41:r 0.5 0.5 0
17:42: 0 0.5 0.5
17:42:c 0 0.5 0.5
17:42:cr 0.5 0.5 0
17:42:r 0.5 0.5 0
17:43: 0 0.5 0.5
17:43:c 0 0.5 0.5
17:43:cr 0.5 0.5 0
17:43:r 0.5 0.5 0
17:44: 0 0.5 0.5
17:44:c 0 0.5 0.5
17:44:cr 0.5 0.5 0
17:44:r 0.5 0.5 0
17:45: 0 0.5 0.5
17:45:c 0 0.5 0.5
17:45:cr 0.5 0.5 0
17:45:r 0.5 0.5 0
17:46: 0 0.5 0.5
17:46:c 0 0.5 0.5
17:46:cr 0.5 0.5 0
17:46:r 0.5 0.5 0
17:47: 0 0.5 0.5
17:47:c 0 0.5 0.5
17:47:cr 0.5 0.5 0
17:47:r 0.5 0.5 0
17:48: 0 0.5 0.5
17:48:c 0 0.5 0.5
17:48:cr 0.5 0.5 0
17:48:r 0.5 0.5 0
17:49: 0 0.5 0.5
17:49:c 0 0.5 0.5
17:49:cr 0.5 0.5 0
17:49:r 0.5 0.5 0
17:50: 0 0.5 0.5
17:50:c 0 0.5 0.5
17:50:cr 0.5 0.5 0
17:50:r 0.5 0.5 0
17:51: 0 0.5 0.5
17:51:c 0 0.5 0.5
17:51:cr 0.5 0.5 0
17:51:r 0.5 0.5 0
18:19: 0 0.5 0.5
18:19:c 0 0.5 0.5
18:19:cr 0.5 0.5 0
18:19:r 0.5 0.5 0
18:20: 0 0.5 0.5
18:20:c 0 0.5 0.5
18:20:cr 0.5 0.5 0
18:20:r 0.5 0.5 0
18:21: 0 0.5 0.5
18:21:c 0 0.5 0.5
18:21:cr 0.5 0.5 0
18:21:r 0.5 0.5 0
18:22: 0 0.5 0.5
18:22:c 0 0.5 0.5
18:22:cr 0.5 0.5 0
18:22:r 0.5 0.5 0
18:23: 0 0.5 0.5
18:23:c 0 0.5 0.5
18:23:cr 0.5 0.5 0
18:23:r 0.5 0.5 0
18:24: 0 0.5 0.5
18:24:c 0 0.5 0.5
18:24:cr 0.5 0.5 0
18:24:r 0.5 0.5 0
18:25: 0 0.5 0.5
18:25:c 0 0.5 0.5
18:25:cr 0.5 0.5 0
18:25:r 0.5 0.5 0
18:26: 0 0.5 0.5
18:26:c 0 0.5 0.5
18:26:cr 0.5 0.5 0
18:26:r 0.5 0.5 0
18:27: 0 0.5 0.5
18:27:c 0 0.5 0.5
18:27:cr 0.5 0.5 0
18:27:r 0.5 0.5 0
18:28: 0 0.5 0.5
18:28:c 0 0.5 0.5
18:28:cr 0.5 0.5 0
18:28:r 0.5 0.5 0
18:29: 0 0.5 0.5
18:29:c 0 0.5 0.5
18:29:cr 0.5 0.5 0
18:29:r 0.5 0.5 0
18:30: 0 0.5 0.5
18:30:c 0 0.5 0.5
18:30:cr 0.5 0.5 0
18:30:r 0.5 0.5 0
18:31: 0 0.5 0.5
18:31:c 0 0.5 0.5
18:31:cr 0.5 0.5 0
18:31:r 0.5 0.5 0
18:32: 0 0.5 0.5
18:32:c 0 0.5 0.5
18:32:cr 0.5 0.5 0
18:32:r 0.5 0.5 0
18:33: 0 0.5 0.5
18:33:c 0 0.5 0.5
18:33:cr 0.5 0.5 0
18:33:r 0.5 0.5 0
18:34: 0 0.5 0.5
18:34:c 0 0.5 0.5
18:34:cr 0.5 0.5 0
18:34:r 0.5 0.5 0
18:35: 0 0.5 0.5
18:35:c 0 0.5 0.5
18:35:cr 0.5 0.5 0
18:35:r 0.5 0.5 0
18:36: 0 0.5 0.5
18:36:c 0 0.5 0.5
18:36:cr 0.5 0.5 0
18:36:r 0.5 0.5 0
18:37: 0 0.5 0.5
18:37:c 0 0.5 0.5
18:37:cr 0.5 0.5 0
18:37:r 0.5 0.5 0
18:38: 0 0.5 0.5
18:38:c 0 0.5 0.5
18:38:cr 0.5 0.5 0
18:38:r 0.5 0.5 0
18:39: 0 0.5 0.5
18:39:c 0 0.5 0.5
18:39:cr 0.5 0.5 0
18:39:r 0.5 0.5 0
18:40: 0 0.5 0.5
18:40:c 0 0.5 0.5
18:40:cr 0.5 0.5 0
18:40:r 0.5 0.5 0
18:41: 0 0.5 0.5
18:41:c 0 0.5 0.5
18:41:cr 0.5 0.5 0
18:41:r 0.5 0.5 0
18:42: 0 0.5 0.5
18:42:c 0 0.5 0.5
18:42:cr 0.5 0.5 0
18:42:r 0.5 0.5 0
18:43: 0 0.5 0.5
18:43:c 0 0.5 0.5
18:43:cr 0.5 0.5 0
18:43:r 0.5 0.5 0
18:44: 0 0.5 0.5
18:44:c 0 0.5 0.5
18:44:cr 0.5 0.5 0
18:44:r 0.5 0.5 0
18:45: 0 0.5 0.5
18:45:c 0 0.5 0.5
18:45:cr 0.5 0.5 0
18:45:r 0.5 0.5 0
18:46: 0 0.5 0.5
18:46:c 0 0.5 0.5
18:46:cr 0.5 0.5 0
18:46:r 0.5 0.5 0
18:47: 0 0.5 0.5
18:47:c 0 0.5 0.5
18:47:cr 0.5 0.5 0
18:47:r 0.5 0.5 0
18:48: 0 0.5 0.5
18:48:c 0 0.5 0.5
18:48:cr 0.5 0.5 0
18:48:r 0.5 0.5 0
18:49: 0 0.5 0.5
18:49:c 0 0.5 0.5
18:49:cr 0.5 0.5 0
18:49:r 0.5 0.5 0
18:50: 0 0.5 0.5
18:50:c 0 0.5 0.5
18:50:cr 0.5 0.5 0
18:50:r 0.5 0.5 0
18:51: 0 0.5 0.5
18:51:c 0 0.5 0.5
18:51:cr 0.5 0.5 0
18:51:r 0.5 0.5 0
19:20: 0 0.5 0.5
19:20:c 0 0.5 0.5
19:20:cr 0.5 0.5 0
19:20:r 0.5 0.5 0
19:21: 0 0.5 0.5
19:21:c 0 0.5 0.5
19:21:cr 0.5 0.5 0
19:21:r 0.5 0.5 0
19:22: 0 0.5 0.5
19:22:c 0 0.5 0.5
19:22:cr 0.5 0.5 0
19:22:r 0.5 0.5 0
19:23: 0 0.5 0.5
19:23:c 0 0.5 0.5
19:23:cr 0.5 0.5 0
19:23:r 0.5 0.5 0
19:24: 0 0.5 0.5
19:24:c 0 0.5 0.5
19:24:cr 0.5 0.5 0
19:24:r 0.5 0.5 0
19:25: 0 0.5 0.5
19:25:c 0 0.5 0.5
19:25:cr 0.5 0.5 0
19:25:r 0.5 0.5 0
19:26: 0 0.5 0.5
19:26:c 0 0.5 0.5
19:26:cr 0.5 0.5 0
19:26:r 0.5 0.5 0
19:27: 0 0.5 0.5
19:27:c 0 0.5 0.5
19:27:cr 0.5 0.5 0
19:27:r 0.5 0.5 0
19:28: 0 0.5 0.5
19:28:c 0 0.5 0.5
19:28:cr 0.5 0.5 0
19:28:r 0.5 0.5 0
19:29: 0 0.5 0.5
19:29:c 0 0.5 0.5
19:29:cr 0.5 0.5 0
19:29:r 0.5 0.5 0
19:30: 0 0.5 0.5
19:30:c 0 0.5 0.5
19:30:cr 0.5 0.5 0
19:30:r 0.5 0.5 0
19:31: 0 0.5 0.5
19:31:c 0 0.5 0.5
19:31:cr 0.5 0.5 0
19:31:r 0.5 0.5 0
19:32: 0 0.5 0.5
19:32:c 0 0.5 0.5
19:32:cr 0.5 0.5 0
19:32:r 0.5 0.5 0
19:33: 0 0.5 0.5
19:33:c 0 0.5 0.5
19:33:cr 0.5 0.5 0
19:33:r 0.5 0.5 0
19:34: 0 0.5 0.5
19:34:c 0 0.5 0.5
19:34:cr 0.5 0.5 0
19:34:r 0.5 0.5 0
19:35: 0 0.5 0.5
19:35:c 0 0.5 0.5
19:35:cr 0.5 0.5 0
19:35:r 0.5 0.5 0
19:36: 0 0.5 0.5
19:36:c 0 0.5 0.5
19:36:cr 0.5 0.5 0
19:36:r 0.5 0.5 0
19:37: 0 0.5 0.5
19:37:c 0 0.5 0.5
19:37:cr 0.5 0.5 0
19:37:r 0.5 0.5 0
19:38: 0 0.5 0.5
19:38:c 0 0.5 0.5
19:38:cr 0.5 0.5 0
19:38:r 0.5 0.5 0
19:39: 0 0.5 0.5
19:39:c 0 0.5 0.5
19:39:cr 0.5 0.5 0
19:39:r 0.5 0.5 0
19:40: 0 0.5 0.5
19:40:c 0 0.5 0.5
19:40:cr 0.5 0.5 0
19:40:r 0.5 0.5 0
19:41: 0 0.5 0.5
19:41:c 0 0.5 0.5
19:41:cr 0.5 0.5 0
19:41:r 0.5 0.5 0
19:42: 0 0.5 0.5
19:42:c 0 0.5 0.5
19:42:cr 0.5 0.5 0
19:42:r 0.5 0.5 0
19:43: 0 0.5 0.5
19:43:c 0 0.5 0.5
19:43:cr 0.5 0.5 0
19:43:r 0.5 0.5 0
19:44: 0 0.5 0.5
19:44:c 0 0.5 0.5
19:44:cr 0.5 0.5 0
19:44:r 0.5 0.5 0
19:45: 0 0.5 0.5
19:45:c 0 0.5 0.5
19:45:cr 0.5 0.5 0
19:45:r 0.5 0.5 0
19:46: 0 0.5 0.5
19:46:c 0 0.5 0.5
19:46:cr 0.5 0.5 0
19:46:r 0.5 0.5 0
19:47: 0 0.5 0.5
19:47:c 0 0.5 0.5
19:47:cr 0.5 0.5 0
19:47:r 0.5 0.5 0
19:48: 0 0.5 0.5
19:48:c 0 0.5 0.5
19:48:cr 0.5 0.5 0
19:48:r 0.5 0.5 0
19:49: 0 0.5 0.5
19:49:c 0 0.5 0.5
19:49:cr 0.5 0.5 0
19:49:r 0.5 0.5 0
19:50: 0 0.5 0.5
19:50:c 0 0.5 0.5
19:50:cr 0.5 0.5 0
19:50:r 0.5 0.5 0
19:51: 0 0.5 0.5
19:51:c 0 0.5 0.5
19:51:cr 0.5 0.5 0
19:51:r 0.5 0.5 0
1:10: 0 0.5 0.5
1:10:c 0 0.5 0.5
1:10:cr 0.5 0.5 0
1:10:r 0.5 0.5 0
1:11: 0 0.5 0.5
1:11:c 0 0.5 0.5
1:11:cr 0.5 0.5 0
1:11:r 0.5 0.5 0
1:12: 0 0.5 0.5
1:12:c 0 0.5 0.5
1:12:cr 0.5 0.5 0
1:12:r 0.5 0.5 0
1:13: 0 0.5 0.5
1:13:c 0 0.5 0.5
1:13:cr 0.5 0.5 0
1:13:r 0.5 0.5 0
1:14: 0 0.5 0.5
1:14:c 0 0.5 0.5
1:14:cr 0.5 0.5 0
1:14:r 0.5 0.5 0
1:15: 0 0.5 0.5
1:15:c 0 0.5 0.5
1:15:cr 0.5 0.5 0
1:15:r 0.5 0.5 0
1:16: 0 0.5 0.5
1:16:c 0 0.5 0.5
1:16:cr 0.5 0.5 0
1:16:r 0.5 0.5 0
1:17: 0 0.5 0.5
1:17:c 0 0.5 0.5
1:17:cr 0.5 0.5 0
1:17:r 0.5 0.5 0
1:18: 0 0.5 0.5
1:18:c 0 0.5 0.5
1:18:cr 0.5 0.5 0
1:18:r 0.5 0.5 0
1:19: 0 0.5 0.5
1:19:c 0 0.5 0.5
1:19:cr 0.5 0.5 0
1:19:r 0.5 0.5 0
1:20: 0 0.5 0.5
1:20:c 0 0.5 0.5
1:20:cr 0.5 0.5 0
1:20:r 0.5 0.5 0
1:21: 0 0.5 0.5
1:21:c 0 0.5 0.5
1:21:cr 0.5 0.5 0
1:21:r 0.5 0.5 0
1:22: 0 0.5 0.5
1:22:c 0 0.5 0.5
1:22:cr 0.5 0.5 0
1:22:r 0.5 0.5 0
1:23: 0 0.5 0.5
1:23:c 0 0.5 0.5
1:23:cr 0.5 0.5 0
1:23:r 0.5 0.5 0
1:24: 0 0.5 0.5
1:24:c 0 0.5 0.5
1:24:cr 0.5 0.5 0
1:24:r 0.5 0.5 0
1:25: 0 0.5 0.5
1:25:c 0 0.5 0.5
1:25:cr 0.5 0.5 0
1:25:r 0.5 0.5 0
1:26: 0 0.5 0.5
1:26:c 0 0.5 0.5
1:26:cr 0.5 0.5 0
1:26:r 0.5 0.5 0
1:27: 0 0.5 0.5
1:27:c 0 0.5 0.5
1:27:cr 0.5 0.5 0
1:27:r 0.5 0.5 0
1:28: 0 0.5 0.5
1:28:c 0 0.5 0.5
1:28:cr 0.5 0.5 0
1:28:r 0.5 0.5 0
1:29: 0 0.5 0.5
1:29:c 0 0.5 0.5
1:29:cr 0.5 0.5 0
1:29:r 0.5 0.5 0
1:2: 0 0.5 0.5
1:2:c 0 0.5 0.5
1:2:cr 0.5 0.5 0
1:2:r 0.5 0.5 0
1:30: 0 0.5 0.5
1:30:c 0 0.5 0.5
1:30:cr 0.5 0.5 0
1:30:r 0.5 0.5 0
1:31: 0 0.5 0.5
1:31:c 0 0.5 0.5
1:31:cr 0.5 0.5 0
1:31:r 0.5 0.5 0
1:32: 0 0.5 0.5
1:32:c 0 0.5 0.5
1:32:cr 0.5 0.5 0
1:32:r 0.5 0.5 0
1:33: 0 0.5 0.5
1:33:c 0 0.5 0.5
1:33:cr 0.5 0.5 0
1:33:r 0.5 0.5 0
1:34: 0 0.5 0.5
1:34:c 0 0.5 0.5
1:34:cr 0.5 0.5 0
1:34:r 0.5 0.5 0
1:35: 0 0.5 0.5
1:35:c 0 0.5 0.5
1:35:cr 0.5 0.5 0
1:35:r 0.5 0.5 0
1:36: 0 0.5 0.5
1:36:c 0 0.5 0.5
1:36:cr 0.5 0.5 0
1:36:r 0.5 0.5 0
1:37: 0 0.5 0.5
1:37:c 0 0.5 0.5
1:37:cr 0.5 0.5 0
1:37:r 0.5 0.5 0
1:38: 0 0.5 0.5
1:38:c 0 0.5 0.5
1:38:cr 0.5 0.5 0
1:38:r 0.5 0.5 0
1:39: 0 0.5 0.5
1:39:c 0 0.5 0.5
1:39:cr 0.5 0.5 0
1:39:r 0.5 0.5 0
1:3: 0 0.5 0.5
1:3:c 0 0.5 0.5
1:3:cr 0.5 0.5 0
1:3:r 0.5 0.5 0
1:40: 0 0.5 0.5
1:40:c 0 0.5 0.5
1:40:cr 0.5 0.5 0
1:40:r 0.5 0.5 0
1:41: 0 0.5 0.5
1:41:c 0 0.5 0.5
1:41:cr 0.5 0.5 0
1:41:r 0.5 0.5 0
1:42: 0 0.5 0.5
1:42:c 0 0.5 0.5
1:42:cr 0.5 0.5 0
1:42:r 0.5 0.5 0
1:43: 0 0.5 0.5
1:43:c 0 0.5 0.5
1:43:cr 0.5 0.5 0
1:43:r 0.5 0.5 0
1:44: 0 0.5 0.5
1:44:c 0 0.5 0.5
1:44:cr 0.5 0.5 0
1:44:r 0.5 0.5 0
1:45: 0 0.5 0.5
1:45:c 0 0.5 0.5
1:45:cr 0.5 0.5 0
1:45:r 0.5 0.5 0
1:46: 0 0.5 0.5
1:46:c 0 0.5 0.5
1:46:cr 0.5 0.5 0
1:46:r 0.5 0.5 0
1:47: 0 0.5 0.5
1:47:c 0 0.5 0.5
1:47:cr 0.5 0.5 0
1:47:r 0.5 0.5 0
1:48: 0 0.5 0.5
1:48:c 0 0.5 0.5
1:48:cr 0.5 0.5 0
1:48:r 0.5 0.5 0
1:49: 0 0.5 0.5
1:49:c 0 0.5 0.5
1:49:cr 0.5 0.5 0
1:49:r 0.5 0.5 0
1:4: 0 0.5 0.5
1:4:c 0 0.5 0.5
1:4:cr 0.5 0.5 0
1:4:r 0.5 0.5 0
1:50: 0 0.5 0.5
1:50:c 0 0.5 0.5
1:50:cr 0.5 0.5 0
1:50:r 0.5 0.5 0
1:51: 0 0.5 0.5
1:51:c 0 0.5 0.5
1:51:cr 0.5 0.5 0
1:51:r 0.5 0.5 0
1:5: 0 0.5 0.5
1:5:c 0 0.5 0.5
1:5:cr 0.5 0.5 0
1:5:r 0.5 0.5 0
1:6: 0 0.5 0.5
1:6:c 0 0.5 0.5
1:6:cr 0.5 0.5 0
1:6:r 0.5 0.5 0
1:7: 0 0.5 0.5
1:7:c 0 0.5 0.5
1:7:cr 0.5 0.5 0
1:7:r 0.5 0.5 0
1:8: 0 0.5 0.5
1:8:c 0 0.5 0.5
1:8:cr 0.5 0.5 0
1:8:r 0.5 0.5 0
1:9: 0 0.5 0.5
1:9:c 0 0.5 0.5
1:9:cr 0.5 0.5 0
1:9:r 0.5 0.5 0
20:21: 0 0.5 0.5
20:21:c 0 0.5 0.5
20:21:cr 0.5 0.5 0
20:21:r 0.5 0.5 0
20:22: 0 0.5 0.5
20:22:c 0 0.5 0.5
20:22:cr 0.5 0.5 0
20:22:r 0.5 0.5 0
20:23: 0 0.5 0.5
20:23:c 0 0.5 0.5
20:23:cr 0.5 0.5 0
20:23:r 0.5 0.5 0
20:24: 0 0.5 0.5
20:24:c 0 0.5 0.5
20:24:cr 0.5 0.5 0
20:24:r 0.5 0.5 0
20:25: 0 0.5 0.5
20:25:c 0 0.5 0.5
20:25:cr 0.5 0.5 0
20:25:r 0.5 0.5 0
20:26: 0 0.5 0.5
20:26:c 0 0.5 0.5
20:26:cr 0.5 0.5 0
20:26:r 0.5 0.5 0
20:27: 0 0.5 0.5
20:27:c 0 0.5 0.5
20:27:cr 0.5 0.5 0
20:27:r 0.5 0.5 0
20:28: 0 0.5 0.5
20:28:c 0 0.5 0.5
20:28:cr 0.5 0.5 0
20:28:r 0.5 0.5 0
20:29: 0 0.5 0.5
20:29:c 0 0.5 0.5
20:29:cr 0.5 0.5 0
20:29:r 0.5 0.5 0
20:30: 0 0.5 0.5
20:30:c 0 0.5 0.5
20:30:cr 0.5 0.5 0
20:30:r 0.5 0.5 0
20:31: 0 0.5 0.5
20:31:c 0 0.5 0.5
20:31:cr 0.5 0.5 0
20:31:r 0.5 0.5 0
20:32: 0 0.5 0.5
20:32:c 0 0.5 0.5
20:32:cr 0.5 0.5 0
20:32:r 0.5 0.5 0
20:33: 0 0.5 0.5
20:33:c 0 0.5 0.5
20:33:cr 0.5 0.5 0
20:33:r 0.5 0.5 0
20:34: 0 0.5 0.5
20:34:c 0 0.5 0.5
20:34:cr 0.5 0.5 0
20:34:r 0.5 0.5 0
20:35: 0 0.5 0.5
20:35:c 0 0.5 0.5
20:35:cr 0.5 0.5 0
20:35:r 0.5 0.5 0
20:36: 0 0.5 0.5
20:36:c 0 0.5 0.5
20:36:cr 0.5 0.5 0
20:36:r 0.5 0.5 0
20:37: 0 0.5 0.5
20:37:c 0 0.5 0.5
20:37:cr 0.5 0.5 0
20:37:r 0.5 0.5 0
20:38: 0 0.5 0.5
20:38:c 0 0.5 0.5
20:38:cr 0.5 0.5 0
20:38:r 0.5 0.5 0
20:39: 0 0.5 0.5
20:39:c 0 0.5 0.5
20:39:cr 0.5 0.5 0
20:39:r 0.5 0.5 0
20:40: 0 0.5 0.5
20:40:c 0 0.5 0.5
20:40:cr 0.5 0.5 0
20:40:r 0.5 0.5 0
20:41: 0 0.5 0.5
20:41:c 0 0.5 0.5
20:41:cr 0.5 0.5 0
20:41:r 0.5 0.5 0
20:42: 0 0.5 0.5
20:42:c 0 0.5 0.5
20:42:cr 0.5 0.5 0
20:42:r 0.5 0.5 0
20:43: 0 0.5 0.5
20:43:c 0 0.5 0.5
20:43:cr 0.5 0.5 0
20:43:r 0.5 0.5 0
20:44: 0 0.5 0.5
20:44:c 0 0.5 0.5
20:44:cr 0.5 0.5 0
20:44:r 0.5 0.5 0
20:45: 0 0.5 0.5
20:45:c 0 0.5 0.5
20:45:cr 0.5 0.5 0
20:45:r 0.5 0.5 0
20:46: 0 0.5 0.5
20:46:c 0 0.5 0.5
20:46:cr 0.5 0.5 0
20:46:r 0.5 0.5 0
20:47: 0 0.5 0.5
20:47:c 0 0.5 0.5
20:47:cr 0.5 0.5 0
20:47:r 0.5 0.5 0
20:48: 0 0.5 0.5
20:48:c 0 0.5 0.5
20:48:cr 0.5 0.5 0
20:48:r 0.5 0.5 0
20:49: 0 0.5 0.5
20:49:c 0 0.5 0.5
20:49:cr 0.5 0.5 0
20:49:r 0.5 0.5 0
20:50: 0 0.5 0.5
20:50:c 0 0.5 0.5
20:50:cr 0.5 0.5 0
20:50:r 0.5 0.5 0
20:51: 0 0.5 0.5
20:51:c 0 0.5 0.5
20:51:cr 0.5 0.5 0
20:51:r 0.5 0.5 0
21:22: 0 0.5 0.5
21:22:c 0 0.5 0.5
21:22:cr 0.5 0.5 0
21:22:r 0.5 0.5 0
21:23: 0 0.5 0.5
21:23:c 0 0.5 0.5
21:23:cr 0.5 0.5 0
21:23:r 0.5 0.5 0
21:24: 0 0.5 0.5
21:24:c 0 0.5 0.5
21:24:cr 0.5 0.5 0
21:24:r 0.5 0.5 0
21:25: 0 0.5 0.5
21:25:c 0 0.5 0.5
21:25:cr 0.5 0.5 0
21:25:r 0.5 0.5 0
21:26: 0 0.5 0.5
21:26:c 0 0.5 0.5
21:26:cr 0.5 0.5 0
21:26:r 0.5 0.5 0
21:27: 0 0.5 0.5
21:27:c 0 0.5 0.5
21:27:cr 0.5 0.5 0
21:27:r 0.5 0.5 0
21:28: 0 0.5 0.5
21:28:c 0 0.5 0.5
21:28:cr 0.5 0.5 0
21:28:r 0.5 0.5 0
21:29: 0 0.5 0.5
21:29:c 0 0.5 0.5
21:29:cr 0.5 0.5 0
21:29:r 0.5 0.5 0
21:30: 0 0.5 0.5
21:30:c 0 0.5 0.5
21:30:cr 0.5 0.5 0
21:30:r 0.5 0.5 0
21:31: 0 0.5 0.5
21:31:c 0 0.5 0.5
21:31:cr 0.5 0.5 0
21:31:r 0.5 0.5 0
21:32: 0 0.5 0.5
21:32:c 0 0.5 0.5
21:32:cr 0.5 0.5 0
21:32:r 0.5 0.5 0
21:33: 0 0.5 0.5
21:33:c 0 0.5 0.5
21:33:cr 0.5 0.5 0
21:33:r 0.5 0.5 0
21:34: 0 0.5 0.5
21:34:c 0 0.5 0.5
21:34:cr 0.5 0.5 0
21:34:r 0.5 0.5 0
21:35: 0 0.5 0.5
21:35:c 0 0.5 0.5
21:35:cr 0.5 0.5 0
21:35:r 0.5 0.5 0
21:36: 0 0.5 0.5
21:36:c 0 0.5 0.5
21:36:cr 0.5 0.5 0
21:36:r 0.5 0.5 0
21:37: 0 0.5 0.5
21:37:c 0 0.5 0.5
21:37:cr 0.5 0.5 0
21:37:r 0.5 0.5 0
21:38: 0 0.5 0.5
21:38:c 0 0.5 0.5
21:38:cr 0.5 0.5 0
21:38:r 0.5 0.5 0
21:39: 0 0.5 0.5
21:39:c 0 0.5 0.5
21:39:cr 0.5 0.5 0
21:39:r 0.5 0.5 0
21:40: 0 0.5 0.5
21:40:c 0 0.5 0.5
21:40:cr 0.5 0.5 0
21:40:r 0.5 0.5 0
21:41: 0 0.5 0.5
21:41:c 0 0.5 0.5
21:41:cr 0.5 0.5 0
21:41:r 0.5 0.5 0
21:42: 0 0.5 0.5
21:42:c 0 0.5 0.5
21:42:cr 0.5 0.5 0
21:42:r 0.5 0.5 0
21:43: 0 0.5 0.5
21:43:c 0 0.5 0.5
21:43:cr 0.5 0.5 0
21:43:r 0.5 0.5 0
21:44: 0 0.5 0.5
21:44:c 0 0.5 0.5
21:44:cr 0.5 0.5 0
21:44:r 0.5 0.5 0
21:45: 0 0.5 0.5
21:45:c 0 0.5 0.5
21:45:cr 0.5 0.5 0
21:45:r 0.5 0.5 0
21:46: 0 0.5 0.5
21:46:c 0 0.5 0.5
21:46:cr 0.5 0.5 0
21:46:r 0.5 0.5 0
21:47: 0 0.5 0.5
21:47:c 0 0.5 0.5
21:47:cr 0.5 0.5 0
21:47:r 0.5 0.5 0
21:48: 0 0.5 0.5
21:48:c 0 0.5 0.5
21:48:cr 0.5 0.5 0
21:48:r 0.5 0.5 0
21:49: 0 0.5 0.5
21:49:c 0 0.5 0.5
21:49:cr 0.5 0.5 0
21:49:r 0.5 0.5 0
21:50: 0 0.5 0.5
21:50:c 0 0.5 0.5
21:50:cr 0.5 0.5 0
21:50:r 0.5 0.5 0
21:51: 0 0.5 0.5
21:51:c 0 0.5 0.5
21:51:cr 0.5 0.5 0
21:51:r 0.5 0.5 0
22:23: 0 0.5 0.5
22:23:c 0 0.5 0.5
22:23:cr 0.5 0.5 0
22:23:r 0.5 0.5 0
22:24: 0 0.5 0.5
22:24:c 0 0.5 0.5
22:24:cr 0.5 0.5 0
22:24:r 0.5 0.5 0
22:25: 0 0.5 0.5
22:25:c 0 0.5 0.5
22:25:cr 0.5 0.5 0
22:25:r 0.5 0.5 0
22:26: 0 0.5 0.5
22:26:c 0 0.5 0.5
22:26:cr 0.5 0.5 0
22:26:r 0.5 0.5 0
22:27: 0 0.5 0.5
22:27:c 0 0.5 0.5
22:27:cr 0.5 0.5 0
22:27:r 0.5 0.5 0
22:28: 0 0.5 0.5
22:28:c 0 0.5 0.5
22:28:cr 0.5 0.5 0
22:28:r 0.5 0.5 0
22:29: 0 0.5 0.5
22:29:c 0 0.5 0.5
22:29:cr 0.5 0.5 0
22:29:r 0.5 0.5 0
22:30: 0 0.5 0.5
22:30:c 0 0.5 0.5
22:30:cr 0.5 0.5 0
22:30:r 0.5 0.5 0
22:31: 0 0.5 0.5
22:31:c 0 0.5 0.5
22:31:cr 0.5 0.5 0
22:31:r 0.5 0.5 0
22:32: 0 0.5 0.5
22:32:c 0 0.5 0.5
22:32:cr 0.5 0.5 0
22:32:r 0.5 0.5 0
22:33: 0 0.5 0.5
22:33:c 0 0.5 0.5
22:33:cr 0.5 0.5 0
22:33:r 0.5 0.5 0
22:34: 0 0.5 0.5
22:34:c 0 0.5 0.5
22:34:cr 0.5 0.5 0
22:34:r 0.5 0.5 0
22:35: 0 0.5 0.5
22:35:c 0 0.5 0.5
22:35:cr 0.5 0.5 0
22:35:r 0.5 0.5 0
22:36: 0 0.5 0.5
22:36:c 0 0.5 0.5
22:36:cr 0.5 0.5 0
22:36:r 0.5 0.5 0
22:37: 0 0.5 0.5
22:37:c 0 0.5 0.5
22:37:cr 0.5 0.5 0
22:37:r 0.5 0.5 0
22:38: 0 0.5 0.5
22:38:c 0 0.5 0.5
22:38:cr 0.5 0.5 0
22:38:r 0.5 0.5 0
22:39: 0 0.5 0.5
22:39:c 0 0.5 0.5
22:39:cr 0.5 0.5 0
22:39:r 0.5 0.5 0
22:40: 0 0.5 0.5
22:40:c 0 0.5 0.5
22:40:cr 0.5 0.5 0
22:40:r 0.5 0.5 0
22:41: 0 0.5 0.5
22:41:c 0 0.5 0.5
22:41:cr 0.5 0.5 0
22:41:r 0.5 0.5 0
22:42: 0 0.5 0.5
22:42:c 0 0.5 0.5
22:42:cr 0.5 0.5 0
22:42:r 0.5 0.5 0
22:43: 0 0.5 0.5
22:43:c 0 0.5 0.5
22:43:cr 0.5 0.5 0
22:43:r 0.5 0.5 0
22:44: 0 0.5 0.5
22:44:c 0 0.5 0.5
22:44:cr 0.5 0.5 0
22:44:r 0.5 0.5 0
22:45: 0 0.5 0.5
22:45:c 0 0.5 0.5
22:45:cr 0.5 0.5 0
22:45:r 0.5 0.5 0
22:46: 0 0.5 0.5
22:46:c 0 0.5 0.5
22:46:cr 0.5 0.5 0
22:46:r 0.5 0.5 0
22:47: 0 0.5 0.5
22:47:c 0 0.5 0.5
22:47:cr 0.5 0.5 0
22:47:r 0.5 0.5 0
22:48: 0 0.5 0.5
22:48:c 0 0.5 0.5
22:48:cr 0.5 0.5 0
22:48:r 0.5 0.5 0
22:49: 0 0.5 0.5
22:49:c 0 0.5 0.5
22:49:cr 0.5 0.5 0
22:49:r 0.5 0.5 0
22:50: 0 0.5 0.5
22:50:c 0 0.5 0.5
22:50:cr 0.5 0.5 0
22:50:r 0.5 0.5 0
22:51: 0 0.5 0.5
22:51:c 0 0.5 0.5
22:51:cr 0.5 0.5 0
22:51:r 0.5 0.5 0
23:24: 0 0.5 0.5
23:24:c 0 0.5 0.5
23:24:cr 0.5 0.5 0
23:24:r 0.5 0.5 0
23:25: 0 0.5 0.5
23:25:c 0 0.5 0.5
23:25:cr 0.5 0.5 0
23:25:r 0.5 0.5 0
23:26: 0 0.5 0.5
23:26:c 0 0.5 0.5
23:26:cr 0.5 0.5 0
23:26:r 0.5 0.5 0
23:27: 0 0.5 0.5
23:27:c 0 0.5 0.5
23:27:cr 0.5 0.5 0
23:27:r 0.5 0.5 0
23:28: 0 0.5 0.5
23:28:c 0 0.5 0.5
23:28:cr 0.5 0.5 0
23:28:r 0.5 0.5 0
23:29: 0 0.5 0.5
23:29:c 0 0.5 0.5
23:29:cr 0.5 0.5 0
23:29:r 0.5 0.5 0
23:30: 0 0.5 0.5
23:30:c 0 0.5 0.5
23:30:cr 0.5 0.5 0
23:30:r 0.5 0.5 0
23:31: 0 0.5 0.5
23:31:c 0 0.5 0.5
23:31:cr 0.5 0.5 0
23:31:r 0.5 0.5 0
23:32: 0 0.5 0.5
23:32:c 0 0.5 0.5
23:32:cr 0.5 0.5 0
23:32:r 0.5 0.5 0
23:33: 0 0.5 0.5
23:33:c 0 0.5 0.5
23:33:cr 0.5 0.5 0
23:33:r 0.5 0.5 0
23:34: 0 0.5 0.5
23:34:c 0 0.5 0.5
23:34:cr 0.5 0.5 0
23:34:r 0.5 0.5 0
23:35: 0 0.5 0.5
23:35:c 0 0.5 0.5
23:35:cr 0.5 0.5 0
23:35:r 0.5 0.5 0
23:36: 0 0.5 0.5
23:36:c 0 0.5 0.5
23:36:cr 0.5 0.5 0
23:36:r 0.5 0.5 0
23:37: 0 0.5 0.5
23:37:c 0 0.5 0.5
23:37:cr 0.5 0.5 0
23:37:r 0.5 0.5 0
23:38: 0 0.5 0.5
23:38:c 0 0.5 0.5
23:38:cr 0.5 0.5 0
23:38:r 0.5 0.5 0
23:39: 0 0.5 0.5
23:39:c 0 0.5 0.5
23:39:cr 0.5 0.5 0
23:39:r 0.5 0.5 0
23:40: 0 0.5 0.5
23:40:c 0 0.5 0.5
23:40:cr 0.5 0.5 0
23:40:r 0.5 0.5 0
23:41: 0 0.5 0.5
23:41:c 0 0.5 0.5
23:41:cr 0.5 0.5 0
23:41:r 0.5 0.5 0
23:42: 0 0.5 0.5
23:42:c 0 0.5 0.5
23:42:cr 0.5 0.5 0
23:42:r 0.5 0.5 0
23:43: 0 0.5 0.5
23:43:c 0 0.5 0.5
23:43:cr 0.5 0.5 0
23:43:r 0.5 0.5 0
23:44: 0 0.5 0.5
23:44:c 0 0.5 0.5
23:44:cr 0.5 0.5 0
23:44:r 0.5 0.5 0
23:45: 0 0.5 0.5
23:45:c 0 0.5 0.5
23:45:cr 0.5 0.5 0
23:45:r 0.5 0.5 0
23:46: 0 0.5 0.5
23:46:c 0 0.5 0.5
23:46:cr 0.5 0.5 0
23:46:r 0.5 0.5 0
23:47: 0 0.5 0.5
23:47:c 0 0.5 0.5
23:47:cr 0.5 0.5 0
23:47:r 0.5 0.5 0
23:48: 0 0.5 0.5
23:48:c 0 0.5 0.5
23:48:cr 0.5 0.5 0
23:48:r 0.5 0.5 0
23:49: 0 0.5 0.5
23:49:c 0 0.5 0.5
23:49:cr 0.5 0.5 0
23:49:r 0.5 0.5 0
23:50: 0 0.5 0.5
23:50:c 0 0.5 0.5
23:50:cr 0.5 0.5 0
23:50:r 0.5 0.5 0
23:51: 0 0.5 0.5
23:51:c 0 0.5 0.5
23:51:cr 0.5 0.5 0
23:51:r 0.5 0.5 0
24:25: 0 0.5 0.5
24:25:c 0 0.5 0.5
24:25:cr 0.5 0.5 0
24:25:r 0.5 0.5 0
24:26: 0 0.5 0.5
24:26:c 0 0.5 0.5
24:26:cr 0.5 0.5 0
24:26:r 0.5 0.5 0
24:27: 0 0.5 0.5
24:27:c 0 0.5 0.5
24:27:cr 0.5 0.5 0
24:27:r 0.5 0.5 0
24:28: 0 0.5 0.5
24:28:c 0 0.5 0.5
24:28:cr 0.5 0.5 0
24:28:r 0.5 0.5 0
24:29: 0 0.5 0.5
24:29:c 0 0.5 0.5
24:29:cr 0.5 0.5 0
24:29:r 0.5 0.5 0
24:30: 0 0.5 0.5
24:30:c 0 0.5 0.5
24:30:cr 0.5 0.5 0
24:30:r 0.5 0.5 0
24:31: 0 0.5 0.5
24:31:c 0 0.5 0.5
24:31:cr 0.5 0.5 0
24:31:r 0.5 0.5 0
24:32: 0 0.5 0.5
24:32:c 0 0.5 0.5
24:32:cr 0.5 0.5 0
24:32:r 0.5 0.5 0
24:33: 0 0.5 0.5
24:33:c 0 0.5 0.5
24:33:cr 0.5 0.5 0
24:33:r 0.5 0.5 0
24:34: 0 0.5 0.5
24:34:c 0 0.5 0.5
24:34:cr 0.5 0.5 0
24:34:r 0.5 0.5 0
24:35: 0 0.5 0.5
24:35:c 0 0.5 0.5
24:35:cr 0.5 0.5 0
24:35:r 0.5 0.5 0
24:36: 0 0.5 0.5
24:36:c 0 0.5 0.5
24:36:cr 0.5 0.5 0
24:36:r 0.5 0.5 0
24:37: 0 0.5 0.5
24:37:c 0 0.5 0.5
24:37:cr 0.5 0.5 0
24:37:r 0.5 0.5 0
24:38: 0 0.5 0.5
24:38:c 0 0.5 0.5
24:38:cr 0.5 0.5 0
24:38:r 0.5 0.5 0
24:39: 0 0.5 0.5
24:39:c 0 0.5 0.5
24:39:cr 0.5 0.5 0
24:39:r 0.5 0.5 0
24:40: 0 0.5 0.5
24:40:c 0 0.5 0.5
24:40:cr 0.5 0.5 0
24:40:r 0.5 0.5 0
24:41: 0 0.5 0.5
24:41:c 0 0.5 0.5
24:41:cr 0.5 0.5 0
24:41:r 0.5 0.5 0
24:42: 0 0.5 0.5
24:42:c 0 0.5 0.5
24:42:cr 0.5 0.5 0
24:42:r 0.5 0.5 0
24:43: 0 0.5 0.5
24:43:c 0 0.5 0.5
24:43:cr 0.5 0.5 0
24:43:r 0.5 0.5 0
24:44: 0 0.5 0.5
24:44:c 0 0.5 0.5
24:44:cr 0.5 0.5 0
24:44:r 0.5 0.5 0
24:45: 0 0.5 0.5
24:45:c 0 0.5 0.5
24:45:cr 0.5 0.5 0
24:45:r 0.5 0.5 0
24:46: 0 0.5 0.5
24:46:c 0 0.5 0.5
24:46:cr 0.5 0.5 0
24:46:r 0.5 0.5 0
24:47: 0 0.5 0.5
24:47:c 0 0.5 0.5
24:47:cr 0.5 0.5 0
24:47:r 0.5 0.5 0
24:48: 0 0.5 0.5
24:48:c 0 0.5 0.5
24:48:cr 0.5 0.5 0
24:48:r 0.5 0.5 0
24:49: 0 0.5 0.5
24:49:c 0 0.5 0.5
24:49:cr 0.5 0.5 0
24:49:r 0.5 0.5 0
24:50: 0 0.5 0.5
24:50:c 0 0.5 0.5
24:50:cr 0.5 0.5 0
24:50:r 0.5 0.5 0
24:51: 0 0.5 0.5
24:51:c 0 0.5 0.5
24:51:cr 0.5 0.5 0
24:51:r 0.5 0.5 0
25:26: 0 0.5 0.5
25:26:c 0 0.5 0.5
25:26:cr 0.5 0.5 0
25:26:r 0.5 0.5 0
25:27: 0 0.5 0.5
25:27:c 0 0.5 0.5
25:27:cr 0.5 0.5 0
25:27:r 0.5 0.5 0
25:28: 0 0.5 0.5
25:28:c 0 0.5 0.5
25:28:cr 0.5 0.5 0
25:28:r 0.5 0.5 0
25:29: 0 0.5 0.5
25:29:c 0 0.5 0.5
25:29:cr 0.5 0.5 0
25:29:r 0.5 0.5 0
25:30: 0 0.5 0.5
25:30:c 0 0.5 0.5
25:30:cr 0.5 0.5 0
25:30:r 0.5 0.5 0
25:31: 0 0.5 0.5
25:31:c 0 0.5 0.5
25:31:cr 0.5 0.5 0
25:31:r 0.5 0.5 0
25:32: 0 0.5 0.5
25:32:c 0 0.5 0.5
25:32:cr 0.5 0.5 0
25:32:r 0.5 0.5 0
25:33: 0 0.5 0.5
25:33:c 0 0.5 0.5
25:33:cr 0.5 0.5 0
25:33:r 0.5 0.5 0
25:34: 0 0.5 0.5
25:34:c 0 0.5 0.5
25:34:cr 0.5 0.5 0
25:34:r 0.5 0.5 0
25:35: 0 0.5 0.5
25:35:c 0 0.5 0.5
25:35:cr 0.5 0.5 0
25:35:r 0.5 0.5 0
25:36: 0 0.5 0.5
25:36:c 0 0.5 0.5
25:36:cr 0.5 0.5 0
25:36:r 0.5 0.5 0
25:37: 0 0.5 0.5
25:37:c 0 0.5 0.5
25:37:cr 0.5 0.5 0
25:37:r 0.5 0.5 0
25:38: 0 0.5 0.5
25:38:c 0 0.5 0.5
25:38:cr 0.5 0.5 0
25:38:r 0.5 0.5 0
25:39: 0 0.5 0.5
25:39:c 0 0.5 0.5
25:39:cr 0.5 0.5 0
25:39:r 0.5 0.5 0
25:40: 0 0.5 0.5
25:40:c 0 0.5 0.5
25:40:cr 0.5 0.5 0
25:40:r 0.5 0.5 0
25:41: 0 0.5 0.5
25:41:c 0 0.5 0.5
25:41:cr 0.5 0.5 0
25:41:r 0.5 0.5 0
25:42: 0 0.5 0.5
25:42:c 0 0.5 0.5
25:42:cr 0.5 0.5 0
25:42:r 0.5 0.5 0
25:43: 0 0.5 0.5
25:43:c 0 0.5 0.5
25:43:cr 0.5 0.5 0
25:43:r 0.5 0.5 0
25:44: 0 0.5 0.5
25:44:c 0 0.5 0.5
25:44:cr 0.5 0.5 0
25:44:r 0.5 0.5 0
25:45: 0 0.5 0.5
25:45:c 0 0.5 0.5
25:45:cr 0.5 0.5 0
25:45:r 0.5 0.5 0
25:46: 0 0.5 0.5
25:46:c 0 0.5 0.5
25:46:cr 0.5 0.5 0
25:46:r 0.5 0.5 0
25:47: 0 0.5 0.5
25:47:c 0 0.5 0.5
25:47:cr 0.5 0.5 0
25:47:r 0.5 0.5 0
25:48: 0 0.5 0.5
25:48:c 0 0.5 0.5
25:48:cr 0.5 0.5 0
25:48:r 0.5 0.5 0
25:49: 0 0.5 0.5
25:49:c 0 0.5 0.5
25:49:cr 0.5 0.5 0
25:49:r 0.5 0.5 0
25:50: 0 0.5 0.5
25:50:c 0 0.5 0.5
25:50:cr 0.5 0.5 0
25:50:r 0.5 0.5 0
25:51: 0 0.5 0.5
25:51:c 0 0.5 0.5
25:51:cr 0.5 0.5 0
25:51:r 0.5 0.5 0
26:27: 0 0.5 0.5
26:27:c 0 0.5 0.5
26:27:cr 0.5 0.5 0
26:27:r 0.5 0.5 0
26:28: 0 0.5 0.5
26:28:c 0 0.5 0.5
26:28:cr 0.5 0.5 0
26:28:r 0.5 0.5 0
26:29: 0 0.5 0.5
26:29:c 0 0.5 0.5
26:29:cr 0.5 0.5 0
26:29:r 0.5 0.5 0
26:30: 0 0.5 0.5
26:30:c 0 0.5 0.5
26:30:cr 0.5 0.5 0
26:30:r 0.5 0.5 0
26:31: 0 0.5 0.5
26:31:c 0 0.5 0.5
26:31:cr 0.5 0.5 0
26:31:r 0.5 0.5 0
26:32: 0 0.5 0.5
26:32:c 0 0.5 0.5
26:32:cr 0.5 0.5 0
26:32:r 0.5 0.5 0
26:33: 0 0.5 0.5
26:33:c 0 0.5 0.5
26:33:cr 0.5 0.5 0
26:33:r 0.5 0.5 0
26:34: 0 0.5 0.5
26:34:c 0 0.5 0.5
26:34:cr 0.5 0.5 0
26:34:r 0.5 0.5 0
26:35: 0 0.5 0.5
26:35:c 0 0.5 0.5
26:35:cr 0.5 0.5 0
26:35:r 0.5 0.5 0
26:36: 0 0.5 0.5
26:36:c 0 0.5 0.5
26:36:cr 0.5 0.5 0
26:36:r 0.5 0.5 0
26:37: 0 0.5 0.5
26:37:c 0 0.5 0.5
26:37:cr 0.5 0.5 0
26:37:r 0.5 0.5 0
26:38: 0 0.5 0.5
26:38:c 0 0.5 0.5
26:38:cr 0.5 0.5 0
26:38:r 0.5 0.5 0
26:39: 0 0.5 0.5
26:39:c 0 0.5 0.5
26:39:cr 0.5 0.5 0
26:39:r 0.5 0.5 0
26:40: 0 0.5 0.5
26:40:c 0 0.5 0.5
26:40:cr 0.5 0.5 0
26:40:r 0.5 0.5 0
26:41: 0 0.5 0.5
26:41:c 0 0.5 0.5
26:41:cr 0.5 0.5 0
26:41:r 0.5 0.5 0
26:42: 0 0.5 0.5
26:42:c 0 0.5 0.5
26:42:cr 0.5 0.5 0
26:42:r 0.5 0.5 0
26:43: 0 0.5 0.5
26:43:c 0 0.5 0.5
26:43:cr 0.5 0.5 0
26:43:r 0.5 0.5 0
26:44: 0 0.5 0.5
26:44:c 0 0.5 0.5
26:44:cr 0.5 0.5 0
26:44:r 0.5 0.5 0
26:45: 0 0.5 0.5
26:45:c 0 0.5 0.5
26:45:cr 0.5 0.5 0
26:45:r 0.5 0.5 0
26:46: 0 0.5 0.5
26:46:c 0 0.5 0.5
26:46:cr 0.5 0.5 0
26:46:r 0.5 0.5 0
26:47: 0 0.5 0.5
26:47:c 0 0.5 0.5
26:47:cr 0.5 0.5 0
26:47:r 0.5 0.5 0
26:48: 0 0.5 0.5
26:48:c 0 0.5 0.5
26:48:cr 0.5 0.5 0
26:48:r 0.5 0.5 0
26:49: 0 0.5 0.5
26:49:c 0 0.5 0.5
26:49:cr 0.5 0.5 0
26:49:r 0.5 0.5 0
26:50: 0 0.5 0.5
26:50:c 0 0.5 0.5
26:50:cr 0.5 0.5 0
26:50:r 0.5 0.5 0
26:51: 0 0.5 0.5
26:51:c 0 0.5 0.5
26:51:cr 0.5 0.5 0
26:51:r 0.5 0.5 0
27:28: 0 0.5 0.5
27:28:c 0 0.5 0.5
27:28:cr 0.5 0.5 0
27:28:r 0.5 0.5 0
27:29: 0 0.5 0.5
27:29:c 0 0.5 0.5
27:29:cr 0.5 0.5 0
27:29:r 0.5 0.5 0
27:30: 0 0.5 0.5
27:30:c 0 0.5 0.5
27:30:cr 0.5 0.5 0
27:30:r 0.5 0.5 0
27:31: 0 0.5 0.5
27:31:c 0 0.5 0.5
27:31:cr 0.5 0.5 0
27:31:r 0.5 0.5 0
27:32: 0 0.5 0.5
27:32:c 0 0.5 0.5
27:32:cr 0.5 0.5 0
27:32:r 0.5 0.5 0
27:33: 0 0.5 0.5
27:33:c 0 0.5 0.5
27:33:cr 0.5 0.5 0
27:33:r 0.5 0.5 0
27:34: 0 0.5 0.5
27:34:c 0 0.5 0.5
27:34:cr 0.5 0.5 0
27:34:r 0.5 0.5 0
27:35: 0 0.5 0.5
27:35:c 0 0.5 0.5
27:35:cr 0.5 0.5 0
27:35:r 0.5 0.5 0
27:36: 0 0.5 0.5
27:36:c 0 0.5 0.5
27:36:cr 0.5 0.5 0
27:36:r 0.5 0.5 0
27:37: 0 0.5 0.5
27:37:c 0 0.5 0.5
27:37:cr 0.5 0.5 0
27:37:r 0.5 0.5 0
27:38: 0 0.5 0.5
27:38:c 0 0.5 0.5
27:38:cr 0.5 0.5 0
27:38:r 0.5 0.5 0
27:39: 0 0.5 0.5
27:39:c 0 0.5 0.5
27:39:cr 0.5 0.5 0
27:39:r 0.5 0.5 0
27:40: 0 0.5 0.5
27:40:c 0 0.5 0.5
27:40:cr 0.5 0.5 0
27:40:r 0.5 0.5 0
27:41: 0 0.5 0.5
27:41:c 0 0.5 0.5
27:41:cr 0.5 0.5 0
27:41:r 0.5 0.5 0
27:42: 0 0.5 0.5
27:42:c 0 0.5 0.5
27:42:cr 0.5 0.5 0
27:42:r 0.5 0.5 0
27:43: 0 0.5 0.5
27:43:c 0 0.5 0.5
27:43:cr 0.5 0.5 0
27:43:r 0.5 0.5 0
27:44: 0 0.5 0.5
27:44:c 0 0.5 0.5
27:44:cr 0.5 0.5 0
27:44:r 0.5 0.5 0
27:45: 0 0.5 0.5
27:45:c 0 0.5 0.5
27:45:cr 0.5 0.5 0
27:45:r 0.5 0.5 0
27:46: 0 0.5 0.5
27:46:c 0 0.5 0.5
27:46:cr 0.5 0.5 0
27:46:r 0.5 0.5 0
27:47: 0 0.5 0.5
27:47:c 0 0.5 0.5
27:47:cr 0.5 0.5 0
27:47:r 0.5 0.5 0
27:48: 0 0.5 0.5
27:48:c 0 0.5 0.5
27:48:cr 0.5 0.5 0
27:48:r 0.5 0.5 0
27:49: 0 0.5 0.5
27:49:c 0 0.5 0.5
27:49:cr 0.5 0.5 0
27:49:r 0.5 0.5 0
27:50: 0 0.5 0.5
27:50:c 0 0.5 0.5
27:50:cr 0.5 0.5 0
27:50:r 0.5 0.5 0
27:51: 0 0.5 0.5
27:51:c 0 0.5 0.5
27:51:cr 0.5 0.5 0
27:51:r 0.5 0.5 0
28:29: 0 0.5 0.5
28:29:c 0 0.5 0.5
28:29:cr 0.5 0.5 0
28:29:r 0.5 0.5 0
28:30: 0 0.5 0.5
28:30:c 0 0.5 0.5
28:30:cr 0.5 0.5 0
28:30:r 0.5 0.5 0
28:31: 0 0.5 0.5
28:31:c 0 0.5 0.5
28:31:cr 0.5 0.5 0
28:31:r 0.5 0.5 0
28:32: 0 0.5 0.5
28:32:c 0 0.5 0.5
28:32:cr 0.5 0.5 0
28:32:r 0.5 0.5 0
28:33: 0 0.5 0.5
28:33:c 0 0.5 0.5
28:33:cr 0.5 0.5 0
28:33:r 0.5 0.5 0
28:34: 0 0.5 0.5
28:34:c 0 0.5 0.5
28:34:cr 0.5 0.5 0
28:34:r 0.5 0.5 0
28:35: 0 0.5 0.5
28:35:c 0 0.5 0.5
28:35:cr 0.5 0.5 0
28:35:r 0.5 0.5 0
28:36: 0 0.5 0.5
28:36:c 0 0.5 0.5
28:36:cr 0.5 0.5 0
28:36:r 0.5 0.5 0
28:37: 0 0.5 0.5
28:37:c 0 0.5 0.5
28:37:cr 0.5 0.5 0
28:37:r 0.5 0.5 0
28:38: 0 0.5 0.5
28:38:c 0 0.5 0.5
28:38:cr 0.5 0.5 0
28:38:r 0.5 0.5 0
28:39: 0 0.5 0.5
28:39:c 0 0.5 0.5
28:39:cr 0.5 0.5 0
28:39:r 0.5 0.5 0
28:40: 0 0.5 0.5
28:40:c 0 0.5 0.5
28:40:cr 0.5 0.5 0
28:40:r 0.5 0.5 0
28:41: 0 0.5 0.5
28:41:c 0 0.5 0.5
28:41:cr 0.5 0.5 0
28:41:r 0.5 0.5 0
28:42: 0 0.5 0.5
28:42:c 0 0.5 0.5
28:42:cr 0.5 0.5 0
28:42:r 0.5 0.5 0
28:43: 0 0.5 0.5
28:43:c 0 0.5 0.5
28:43:cr 0.5 0.5 0
28:43:r 0.5 0.5 0
28:44: 0 0.5 0.5
28:44:c 0 0.5 0.5
28:44:cr 0.5 0.5 0
28:44:r 0.5 0.5 0
28:45: 0 0.5 0.5
28:45:c 0 0.5 0.5
28:45:cr 0.5 0.5 0
28:45:r 0.5 0.5 0
28:46: 0 0.5 0.5
28:46:c 0 0.5 0.5
28:46:cr 0.5 0.5 0
28:46:r 0.5 0.5 0
28:47: 0 0.5 0.5
28:47:c 0 0.5 0.5
28:47:cr 0.5 0.5 0
28:47:r 0.5 0.5 0
28:48: 0 0.5 0.5
28:48:c 0 0.5 0.5
28:48:cr 0.5 0.5 0
28:48:r 0.5 0.5 0
28:49: 0 0.5 0.5
28:49:c 0 0.5 0.5
28:49:cr 0.5 0.5 0
28:49:r 0.5 0.5 0
28:50: 0 0.5 0.5
28:50:c 0 0.5 0.5
28:50:cr 0.5 0.5 0
28:50:r 0.5 0.5 0
28:51: 0 0.5 0.5
28:51:c 0 0.5 0.5
28:51:cr 0.5 0.5 0
28:51:r 0.5 0.5 0
29:30: 0 0.5 0.5
29:30:c 0 0.5 0.5
29:30:cr 0.5 0.5 0
29:30:r 0.5 0.5 0
29:31: 0 0.5 0.5
29:31:c 0 0.5 0.5
29:31:cr 0.5 0.5 0
29:31:r 0.5 0.5 0
29:32: 0 0.5 0.5
29:32:c 0 0.5 0.5
29:32:cr 0.5 0.5 0
29:32:r 0.5 0.5 0
29:33: 0 0.5 0.5
29:33:c 0 0.5 0.5
29:33:cr 0.5 0.5 0
29:33:r 0.5 0.5 0
29:34: 0 0.5 0.5
29:34:c 0 0.5 0.5
29:34:cr 0.5 0.5 0
29:34:r 0.5 0.5 0
29:35: 0 0.5 0.5
29:35:c 0 0.5 0.5
29:35:cr 0.5 0.5 0
29:35:r 0.5 0.5 0
29:36: 0 0.5 0.5
29:36:c 0 0.5 0.5
29:36:cr 0.5 0.5 0
29:36:r 0.5 0.5 0
29:37: 0 0.5 0.5
29:37:c 0 0.5 0.5
29:37:cr 0.5 0.5 0
29:37:r 0.5 0.5 0
29:38: 0 0.5 0.5
29:38:c 0 0.5 0.5
29:38:cr 0.5 0.5 0
29:38:r 0.5 0.5 0
29:39: 0 0.5 0.5
29:39:c 0 0.5 0.5
29:39:cr 0.5 0.5 0
29:39:r 0.5 0.5 0
29:40: 0 0.5 0.5
29:40:c 0 0.5 0.5
29:40:cr 0.5 0.5 0
29:40:r 0.5 0.5 0
29:41: 0 0.5 0.5
29:41:c 0 0.5 0.5
29:41:cr 0.5 0.5 0
29:41:r 0.5 0.5 0
29:42: 0 0.5 0.5
29:42:c 0 0.5 0.5
29:42:cr 0.5 0.5 0
29:42:r 0.5 0.5 0
29:43: 0 0.5 0.5
29:43:c 0 0.5 0.5
29:43:cr 0.5 0.5 0
29:43:r 0.5 0.5 0
29:44: 0 0.5 0.5
29:44:c 0 0.5 0.5
29:44:cr 0.5 0.5 0
29:44:r 0.5 0.5 0
29:45: 0 0.5 0.5
29:45:c 0 0.5 0.5
29:45:cr 0.5 0.5 0
29:45:r 0.5 0.5 0
29:46: 0 0.5 0.5
29:46:c 0 0.5 0.5
29:46:cr 0.5 0.5 0
29:46:r 0.5 0.5 0
29:47: 0 0.5 0.5
29:47:c 0 0.5 0.5
29:47:cr 0.5 0.5 0
29:47:r 0.5 0.5 0
29:48: 0 0.5 0.5
29:48:c 0 0.5 0.5
29:48:cr 0.5 0.5 0
29:48:r 0.5 0.5 0
29:49: 0 0.5 0.5
29:49:c 0 0.5 0.5
29:49:cr 0.5 0.5 0
29:49:r 0.5 0.5 0
29:50: 0 0.5 0.5
29:50:c 0 0.5 0.5
29:50:cr 0.5 0.5 0
29:50:r 0.5 0.5 0
29:51: 0 0.5 0.5
29:51:c 0 0.5 0.5
29:51:cr 0.5 0.5 0
29:51:r 0.5 0.5 0
2:10: 0 0.5 0.5
2:10:c 0 0.5 0.5
2:10:cr 0.5 0.5 0
2:10:r 0.5 0.5 0
2:11: 0 0.5 0.5
2:11:c 0 0.5 0.5
2:11:cr 0.5 0.5 0
2:11:r 0.5 0.5 0
2:12: 0 0.5 0.5
2:12:c 0 0.5 0.5
2:12:cr 0.5 0.5 0
2:12:r 0.5 0.5 0
2:13: 0 0.5 0.5
2:13:c 0 0.5 0.5
2:13:cr 0.5 0.5 0
2:13:r 0.5 0.5 0
2:14: 0 0.5 0.5
2:14:c 0 0.5 0.5
2:14:cr 0.5 0.5 0
2:14:r 0.5 0.5 0
2:15: 0 0.5 0.5
2:15:c 0 0.5 0.5
2:15:cr 0.5 0.5 0
2:15:r 0.5 0.5 0
2:16: 0 0.5 0.5
2:16:c 0 0.5 0.5
2:16:cr 0.5 0.5 0
2:16:r 0.5 0.5 0
2:17: 0 0.5 0.5
2:17:c 0 0.5 0.5
2:17:cr 0.5 0.5 0
2:17:r 0.5 0.5 0
2:18: 0 0.5 0.5
2:18:c 0 0.5 0.5
2:18:cr 0.5 0.5 0
2:18:r 0.5 0.5 0
2:19: 0 0.5 0.5
2:19:c 0 0.5 0.5
2:19:cr 0.5 0.5 0
2:19:r 0.5 0.5 0
2:20: 0 0.5 0.5
2:20:c 0 0.5 0.5
2:20:cr 0.5 0.5 0
2:20:r 0.5 0.5 0
2:21: 0 0.5 0.5
2:21:c 0 0.5 0.5
2:21:cr 0.5 0.5 0
2:21:r 0.5 0.5 0
2:22: 0 0.5 0.5
2:22:c 0 0.5 0.5
2:22:cr 0.5 0.5 0
2:22:r 0.5 0.5 0
2:23: 0 0.5 0.5
2:23:c 0 0.5 0.5
2:23:cr 0.5 0.5 0
2:23:r 0.5 0.5 0
2:24: 0 0.5 0.5
2:24:c 0 0.5 0.5
2:24:cr 0.5 0.5 0
2:24:r 0.5 0.5 0
2:25: 0 0.5 0.5
2:25:c 0 0.5 0.5
2:25:cr 0.5 0.5 0
2:25:r 0.5 0.5 0
2:26: 0 0.5 0.5
2:26:c 0 0.5 0.5
2:26:cr 0.5 0.5 0
2:26:r 0.5 0.5 0
2:27: 0 0.5 0.5
2:27:c 0 0.5 0.5
2:27:cr 0.5 0.5 0
2:27:r 0.5 0.5 0
2:28: 0 0.5 0.5
2:28:c 0 0.5 0.5
2:28:cr 0.5 0.5 0
2:28:r 0.5 0.5 0
2:29: 0 0.5 0.5
2:29:c 0 0.5 0.5
2:29:cr 0.5 0.5 0
2:29:r 0.5 0.5 0
2:30: 0 0.5 0.5
2:30:c 0 0.5 0.5
2:30:cr 0.5 0.5 0
2:30:r 0.5 0.5 0
2:31: 0 0.5 0.5
2:31:c 0 0.5 0.5
2:31:cr 0.5 0.5 0
2:31:r 0.5 0.5 0
2:32: 0 0.5 0.5
2:32:c 0 0.5 0.5
2:32:cr 0.5 0.5 0
2:32:r 0.5 0.5 0
2:33: 0 0.5 0.5
2:33:c 0 0.5 0.5
2:33:cr 0.5 0.5 0
2:33:r 0.5 0.5 0
2:34: 0 0.5 0.5
2:34:c 0 0.5 0.5
2:34:cr 0.5 0.5 0
2:34:r 0.5 0.5 0
2:35: 0 0.5 0.5
2:35:c 0 0.5 0.5
2:35:cr 0.5 0.5 0
2:35:r 0.5 0.5 0
2:36: 0 0.5 0.5
2:36:c 0 0.5 0.5
2:36:cr 0.5 0.5 0
2:36:r 0.5 0.5 0
2:37: 0 0.5 0.5
2:37:c 0 0.5 0.5
2:37:cr 0.5 0.5 0
2:37:r 0.5 0.5 0
2:38: 0 0.5 0.5
2:38:c 0 0.5 0.5
2:38:cr 0.5 0.5 0
2:38:r 0.5 0.5 0
2:39: 0 0.5 0.5
2:39:c 0 0.5 0.5
2:39:cr 0.5 0.5 0
2:39:r 0.5 0.5 0
2:3: 0 0.5 0.5
2:3:c 0 0.5 0.5
2:3:cr 0.5 0.5 0
2:3:r 0.5 0.5 0
2:40: 0 0.5 0.5
2:40:c 0 0.5 0.5
2:40:cr 0.5 0.5 0
2:40:r 0.5 0.5 0
2:41: 0 0.5 0.5
2:41:c 0 0.5 0.5
2:41:cr 0.5 0.5 0
2:41:r 0.5 0.5 0
2:42: 0 0.5 0.5
2:42:c 0 0.5 0.5
2:42:cr 0.5 0.5 0
2:42:r 0.5 0.5 0
2:43: 0 0.5 0.5
2:43:c 0 0.5 0.5
2:43:cr 0.5 0.5 0
2:43:r 0.5 0.5 0
2:44: 0 0.5 0.5
2:44:c 0 0.5 0.5
2:44:cr 0.5 0.5 0
2:44:r 0.5 0.5 0
2:45: 0 0.5 0.5
2:45:c 0 0.5 0.5
2:45:cr 0.5 0.5 0
2:45:r 0.5 0.5 0
2:46: 0 0.5 0.5
2:46:c 0 0.5 0.5
2:46:cr 0.5 0.5 0
2:46:r 0.5 0.5 0
2:47: 0 0.5 0.5
2:47:c 0 0.5 0.5
2:47:cr 0.5 0.5 0
2:47:r 0.5 0.5 0
2:48: 0 0.5 0.5
2:48:c 0 0.5 0.5
2:48:cr 0.5 0.5 0
2:48:r 0.5 0.5 0
2:49: 0 0.5 0.5
2:49:c 0 0.5 0.5
2:49:cr 0.5 0.5 0
2:49:r 0.5 0.5 0
2:4: 0 0.5 0.5
2:4:c 0 0.5 0.5
2:4:cr 0.5 0.5 0
2:4:r 0.5 0.5 0
2:50: 0 0.5 0.5
2:50:c 0 0.5 0.5
2:50:cr 0.5 0.5 0
2:50:r 0.5 0.5 0
2:51: 0 0.5 0.5
2:51:c 0 0.5 0.5
2:51:cr 0.5 0.5 0
2:51:r 0.5 0.5 0
2:5: 0 0.5 0.5
2:5:c 0 0.5 0.5
2:5:cr 0.5 0.5 0
2:5:r 0.5 0.5 0
2:6: 0 0.5 0.5
2:6:c 0 0.5 0.5
2:6:cr 0.5 0.5 0
2:6:r 0.5 0.5 0
2:7: 0 0.5 0.5
2:7:c 0 0.5 0.5
2:7:cr 0.5 0.5 0
2:7:r 0.5 0.5 0
2:8: 0 0.5 0.5
2:8:c 0 0.5 0.5
2:8:cr 0.5 0.5 0
2:8:r 0.5 0.5 0
2:9: 0 0.5 0.5
2:9:c 0 0.5 0.5
2:9:cr 0.5 0.5 0
2:9:r 0.5 0.5 0
30:31: 0 0.5 0.5
30:31:c 0 0.5 0.5
30:31:cr 0.5 0.5 0
30:31:r 0.5 0.5 0
30:32: 0 0.5 0.5
30:32:c 0 0.5 0.5
30:32:cr 0.5 0.5 0
30:32:r 0.5 0.5 0
30:33: 0 0.5 0.5
30:33:c 0 0.5 0.5
30:33:cr 0.5 0.5 0
30:33:r 0.5 0.5 0
30:34: 0 0.5 0.5
30:34:c 0 0.5 0.5
30:34:cr 0.5 0.5 0
30:34:r 0.5 0.5 0
30:35: 0 0.5 0.5
30:35:c 0 0.5 0.5
30:35:cr 0.5 0.5 0
30:35:r 0.5 0.5 0
30:36: 0 0.5 0.5
30:36:c 0 0.5 0.5
30:36:cr 0.5 0.5 0
30:36:r 0.5 0.5 0
30:37: 0 0.5 0.5
30:37:c 0 0.5 0.5
30:37:cr 0.5 0.5 0
30:37:r 0.5 0.5 0
30:38: 0 0.5 0.5
30:38:c 0 0.5 0.5
30:38:cr 0.5 0.5 0
30:38:r 0.5 0.5 0
30:39: 0 0.5 0.5
30:39:c 0 0.5 0.5
30:39:cr 0.5 0.5 0
30:39:r 0.5 0.5 0
30:40: 0 0.5 0.5
30:40:c 0 0.5 0.5
30:40:cr 0.5 0.5 0
30:40:r 0.5 0.5 0
30:41: 0 0.5 0.5
30:41:c 0 0.5 0.5
30:41:cr 0.5 0.5 0
30:41:r 0.5 0.5 0
30:42: 0 0.5 0.5
30:42:c 0 0.5 0.5
30:42:cr 0.5 0.5 0
30:42:r 0.5 0.5 0
30:43: 0 0.5 0.5
30:43:c 0 0.5 0.5
30:43:cr 0.5 0.5 0
30:43:r 0.5 0.5 0
30:44: 0 0.5 0.5
30:44:c 0 0.5 0.5
30:44:cr 0.5 0.5 0
30:44:r 0.5 0.5 0
30:45: 0 0.5 0.5
30:45:c 0 0.5 0.5
30:45:cr 0.5 0.5 0
30:45:r 0.5 0.5 0
30:46: 0 0.5 0.5
30:46:c 0 0.5 0.5
30:46:cr 0.5 0.5 0
30:46:r 0.5 0.5 0
30:47: 0 0.5 0.5
30:47:c 0 0.5 0.5
30:47:cr 0.5 0.5 0
30:47:r 0.5 0.5 0
30:48: 0 0.5 0.5
30:48:c 0 0.5 0.5
30:48:cr 0.5 0.5 0
30:48:r 0.5 0.5 0
30:49: 0 0.5 0.5
30:49:c 0 0.5 0.5
30:49:cr 0.5 0.5 0
30:49:r 0.5 0.5 0
30:50: 0 0.5 0.5
30:50:c 0 0.5 0.5
30:50:cr 0.5 0.5 0
30:50:r 0.5 0.5 0
30:51: 0 0.5 0.5
30:51:c 0 0.5 0.5
30:51:cr 0.5 0.5 0
30:51:r 0.5 0.5 0
31:32: 0 0.5 0.5
31:32:c 0 0.5 0.5
31:32:cr 0.5 0.5 0
31:32:r 0.5 0.5 0
31:33: 0 0.5 0.5
31:33:c 0 0.5 0.5
31:33:cr 0.5 0.5 0
31:33:r 0.5 0.5 0
31:34: 0 0.5 0.5
31:34:c 0 0.5 0.5
31:34:cr 0.5 0.5 0
31:34:r 0.5 0.5 0
31:35: 0 0.5 0.5
31:35:c 0 0.5 0.5
31:35:cr 0.5 0.5 0
31:35:r 0.5 0.5 0
31:36: 0 0.5 0.5
31:36:c 0 0.5 0.5
31:36:cr 0.5 0.5 0
31:36:r 0.5 0.5 0
31:37: 0 0.5 0.5
31:37:c 0 0.5 0.5
31:37:cr 0.5 0.5 0
31:37:r 0.5 0.5 0
31:38: 0 0.5 0.5
31:38:c 0 0.5 0.5
31:38:cr 0.5 0.5 0
31:38:r 0.5 0.5 0
31:39: 0 0.5 0.5
31:39:c 0 0.5 0.5
31:39:cr 0.5 0.5 0
31:39:r 0.5 0.5 0
31:40: 0 0.5 0.5
31:40:c 0 0.5 0.5
31:40:cr 0.5 0.5 0
31:40:r 0.5 0.5 0
31:41: 0 0.5 0.5
31:41:c 0 0.5 0.5
31:41:cr 0.5 0.5 0
31:41:r 0.5 0.5 0
31:42: 0 0.5 0.5
31:42:c 0 0.5 0.5
31:42:cr 0.5 0.5 0
31:42:r 0.5 0.5 0
31:43: 0 0.5 0.5
31:43:c 0 0.5 0.5
31:43:cr 0.5 0.5 0
31:43:r 0.5 0.5 0
31:44: 0 0.5 0.5
31:44:c 0 0.5 0.5
31:44:cr 0.5 0.5 0
31:44:r 0.5 0.5 0
31:45: 0 0.5 0.5
31:45:c 0 0.5 0.5
31:45:cr 0.5 0.5 0
31:45:r 0.5 0.5 0
31:46: 0 0.5 0.5
31:46:c 0 0.5 0.5
31:46:cr 0.5 0.5 0
31:46:r 0.5 0.5 0
31:47: 0 0.5 0.5
31:47:c 0 0.5 0.5
31:47:cr 0.5 0.5 0
31:47:r 0.5 0.5 0
31:48: 0 0.5 0.5
31:48:c 0 0.5 0.5
31:48:cr 0.5 0.5 0
31:48:r 0.5 0.5 0
31:49: 0 0.5 0.5
31:49:c 0 0.5 0.5
31:49:cr 0.5 0.5 0
31:49:r 0.5 0.5 0
31:50: 0 0.5 0.5
31:50:c 0 0.5 0.5
31:50:cr 0.5 0.5 0
31:50:r 0.5 0.5 0
31:51: 0 0.5 0.5
31:51:c 0 0.5 0.5
31:51:cr 0.5 0.5 0
31:51:r 0.5 0.5 0
32:33: 0 0.5 0.5
32:33:c 0 0.5 0.5
32:33:cr 0.5 0.5 0
32:33:r 0.5 0.5 0
32:34: 0 0.5 0.5
32:34:c 0 0.5 0.5
32:34:cr 0.5 0.5 0
32:34:r 0.5 0.5 0
32:35: 0 0.5 0.5
32:35:c 0 0.5 0.5
32:35:cr 0.5 0.5 0
32:35:r 0.5 0.5 0
32:36: 0 0.5 0.5
32:36:c 0 0.5 0.5
32:36:cr 0.5 0.5 0
32:36:r 0.5 0.5 0
32:37: 0 0.5 0.5
32:37:c 0 0.5 0.5
32:37:cr 0.5 0.5 0
32:37:r 0.5 0.5 0
32:38: 0 0.5 0.5
32:38:c 0 0.5 0.5
32:38:cr 0.5 0.5 0
32:38:r 0.5 0.5 0
32:39: 0 0.5 0.5
32:39:c 0 0.5 0.5
32:39:cr 0.5 0.5 0
32:39:r 0.5 0.5 0
32:40: 0 0.5 0.5
32:40:c 0 0.5 0.5
32:40:cr 0.5 0.5 0
32:40:r 0.5 0.5 0
32:41: 0 0.5 0.5
32:41:c 0 0.5 0.5
32:41:cr 0.5 0.5 0
32:41:r 0.5 0.5 0
32:42: 0 0.5 0.5
32:42:c 0 0.5 0.5
32:42:cr 0.5 0.5 0
32:42:r 0.5 0.5 0
32:43: 0 0.5 0.5
32:43:c 0 0.5 0.5
32:43:cr 0.5 0.5 0
32:43:r 0.5 0.5 0
32:44: 0 0.5 0.5
32:44:c 0 0.5 0.5
32:44:cr 0.5 0.5 0
32:44:r 0.5 0.5 0
32:45: 0 0.5 0.5
32:45:c 0 0.5 0.5
32:45:cr 0.5 0.5 0
32:45:r 0.5 0.5 0
32:46: 0 0.5 0.5
32:46:c 0 0.5 0.5
32:46:cr 0.5 0.5 0
32:46:r 0.5 0.5 0
32:47: 0 0.5 0.5
32:47:c 0 0.5 0.5
32:47:cr 0.5 0.5 0
32:47:r 0.5 0.5 0
32:48: 0 0.5 0.5
32:48:c 0 0.5 0.5
32:48:cr 0.5 0.5 0
32:48:r 0.5 0.5 0
32:49: 0 0.5 0.5
32:49:c 0 0.5 0.5
32:49:cr 0.5 0.5 0
32:49:r 0.5 0.5 0
32:50: 0 0.5 0.5
32:50:c 0 0.5 0.5
32:50:cr 0.5 0.5 0
32:50:r 0.5 0.5 0
32:51: 0 0.5 0.5
32:51:c 0 0.5 0.5
32:51:cr 0.5 0.5 0
32:51:r 0.5 0.5 0
33:34: 0 0.5 0.5
33:34:c 0 0.5 0.5
33:34:cr 0.5 0.5 0
33:34:r 0.5 0.5 0
33:35: 0 0.5 0.5
33:35:c 0 0.5 0.5
33:35:cr 0.5 0.5 0
33:35:r 0.5 0.5 0
33:36: 0 0.5 0.5
33:36:c 0 0.5 0.5
33:36:cr 0.5 0.5 0
33:36:r 0.5 0.5 0
33:37: 0 0.5 0.5
33:37:c 0 0.5 0.5
33:37:cr 0.5 0.5 0
33:37:r 0.5 0.5 0
33:38: 0 0.5 0.5
33:38:c 0 0.5 0.5
33:38:cr 0.5 0.5 0
33:38:r 0.5 0.5 0
33:39: 0 0.5 0.5
33:39:c 0 0.5 0.5
33:39:cr 0.5 0.5 0
33:39:r 0.5 0.5 0
33:40: 0 0.5 0.5
33:40:c 0 0.5 0.5
33:40:cr 0.5 0.5 0
33:40:r 0.5 0.5 0
33:41: 0 0.5 0.5
33:41:c 0 0.5 0.5
33:41:cr 0.5 0.5 0
33:41:r 0.5 0.5 0
33:42: 0 0.5 0.5
33:42:c 0 0.5 0.5
33:42:cr 0.5 0.5 0
33:42:r 0.5 0.5 0
33:43: 0 0.5 0.5
33:43:c 0 0.5 0.5
33:43:cr 0.5 0.5 0
33:43:r 0.5 0.5 0
33:44: 0 0.5 0.5
33:44:c 0 0.5 0.5
33:44:cr 0.5 0.5 0
33:44:r 0.5 0.5 0
33:45: 0 0.5 0.5
33:45:c 0 0.5 0.5
33:45:cr 0.5 0.5 0
33:45:r 0.5 0.5 0
33:46: 0 0.5 0.5
33:46:c 0 0.5 0.5
33:46:cr 0.5 0.5 0
33:46:r 0.5 0.5 0
33:47: 0 0.5 0.5
33:47:c 0 0.5 0.5
33:47:cr 0.5 0.5 0
33:47:r 0.5 0.5 0
33:48: 0 0.5 0.5
33:48:c 0 0.5 0.5
33:48:cr 0.5 0.5 0
33:48:r 0.5 0.5 0
33:49: 0 0.5 0.5
33:49:c 0 0.5 0.5
33:49:cr 0.5 0.5 0
33:49:r 0.5 0.5 0
33:50: 0 0.5 0.5
33:50:c 0 0.5 0.5
33:50:cr 0.5 0.5 0
33:50:r 0.5 0.5 0
33:51: 0 0.5 0.5
33:51:c 0 0.5 0.5
33:51:cr 0.5 0.5 0
33:51:r 0.5 0.5 0
34:35: 0 0.5 0.5
34:35:c 0 0.5 0.5
34:35:cr 0.5 0.5 0
34:35:r 0.5 0.5 0
34:36: 0 0.5 0.5
34:36:c 0 0.5 0.5
34:36:cr 0.5 0.5 0
34:36:r 0.5 0.5 0
34:37: 0 0.5 0.5
34:37:c 0 0.5 0.5
34:37:cr 0.5 0.5 0
34:37:r 0.5 0.5 0
34:38: 0 0.5 0.5
34:38:c 0 0.5 0.5
34:38:cr 0.5 0.5 0
34:38:r 0.5 0.5 0
34:39: 0 0.5 0.5
34:39:c 0 0.5 0.5
34:39:cr 0.5 0.5 0
34:39:r 0.5 0.5 0
34:40: 0 0.5 0.5
34:40:c 0 0.5 0.5
34:40:cr 0.5 0.5 0
34:40:r 0.5 0.5 0
34:41: 0 0.5 0.5
34:41:c 0 0.5 0.5
34:41:cr 0.5 0.5 0
34:41:r 0.5 0.5 0
34:42: 0 0.5 0.5
34:42:c 0 0.5 0.5
34:42:cr 0.5 0.5 0
34:42:r 0.5 0.5 0
34:43: 0 0.5 0.5
34:43:c 0 0.5 0.5
34:43:cr 0.5 0.5 0
34:43:r 0.5 0.5 0
34:44: 0 0.5 0.5
34:44:c 0 0.5 0.5
34:44:cr 0.5 0.5 0
34:44:r 0.5 0.5 0
34:45: 0 0.5 0.5
34:45:c 0 0.5 0.5
34:45:cr 0.5 0.5 0
34:45:r 0.5 0.5 0
34:46: 0 0.5 0.5
34:46:c 0 0.5 0.5
34:46:cr 0.5 0.5 0
34:46:r 0.5 0.5 0
34:47: 0 0.5 0.5
34:47:c 0 0.5 0.5
34:47:cr 0.5 0.5 0
34:47:r 0.5 0.5 0
34:48: 0 0.5 0.5
34:48:c 0 0.5 0.5
34:48:cr 0.5 0.5 0
34:48:r 0.5 0.5 0
34:49: 0 0.5 0.5
34:49:c 0 0.5 0.5
34:49:cr 0.5 0.5 0
34:49:r 0.5 0.5 0
34:50: 0 0.5 0.5
34:50:c 0 0.5 0.5
34:50:cr 0.5 0.5 0
34:50:r 0.5 0.5 0
34:51: 0 0.5 0.5
34:51:c 0 0.5 0.5
34:51:cr 0.5 0.5 0
34:51:r 0.5 0.5 0
35:36: 0 0.5 0.5
35:36:c 0 0.5 0.5
35:36:cr 0.5 0.5 0
35:36:r 0.5 0.5 0
35:37: 0 0.5 0.5
35:37:c 0 0.5 0.5
35:37:cr 0.5 0.5 0
35:37:r 0.5 0.5 0
35:38: 0 0.5 0.5
35:38:c 0 0.5 0.5
35:38:cr 0.5 0.5 0
35:38:r 0.5 0.5 0
35:39: 0 0.5 0.5
35:39:c 0 0.5 0.5
35:39:cr 0.5 0.5 0
35:39:r 0.5 0.5 0
35:40: 0 0.5 0.5
35:40:c 0 0.5 0.5
35:40:cr 0.5 0.5 0
35:40:r 0.5 0.5 0
35:41: 0 0.5 0.5
35:41:c 0 0.5 0.5
35:41:cr 0.5 0.5 0
35:41:r 0.5 0.5 0
35:42: 0 0.5 0.5
35:42:c 0 0.5 0.5
35:42:cr 0.5 0.5 0
35:42:r 0.5 0.5 0
35:43: 0 0.5 0.5
35:43:c 0 0.5 0.5
35:43:cr 0.5 0.5 0
35:43:r 0.5 0.5 0
35:44: 0 0.5 0.5
35:44:c 0 0.5 0.5
35:44:cr 0.5 0.5 0
35:44:r 0.5 0.5 0
35:45: 0 0.5 0.5
35:45:c 0 0.5 0.5
35:45:cr 0.5 0.5 0
35:45:r 0.5 0.5 0
35:46: 0 0.5 0.5
35:46:c 0 0.5 0.5
35:46:cr 0.5 0.5 0
35:46:r 0.5 0.5 0
35:47: 0 0.5 0.5
35:47:c 0 0.5 0.5
35:47:cr 0.5 0.5 0
35:47:r 0.5 0.5 0
35:48: 0 0.5 0.5
35:48:c 0 0.5 0.5
35:48:cr 0.5 0.5 0
35:48:r 0.5 0.5 0
35:49: 0 0.5 0.5
35:49:c 0 0.5 0.5
35:49:cr 0.5 0.5 0
35:49:r 0.5 0.5 0
35:50: 0 0.5 0.5
35:50:c 0 0.5 0.5
35:50:cr 0.5 0.5 0
35:50:r 0.5 0.5 0
35:51: 0 0.5 0.5
35:51:c 0 0.5 0.5
35:51:cr 0.5 0.5 0
35:51:r 0.5 0.5 0
36:37: 0 0.5 0.5
36:37:c 0 0.5 0.5
36:37:cr 0.5 0.5 0
36:37:r 0.5 0.5 0
36:38: 0 0.5 0.5
36:38:c 0 0.5 0.5
36:38:cr 0.5 0.5 0
36:38:r 0.5 0.5 0
36:39: 0 0.5 0.5
36:39:c 0 0.5 0.5
36:39:cr 0.5 0.5 0
36:39:r 0.5 0.5 0
36:40: 0 0.5 0.5
36:40:c 0 0.5 0.5
36:40:cr 0.5 0.5 0
36:40:r 0.5 0.5 0
36:41: 0 0.5 0.5
36:41:c 0 0.5 0.5
36:41:cr 0.5 0.5 0
36:41:r 0.5 0.5 0
36:42: 0 0.5 0.5
36:42:c 0 0.5 0.5
36:42:cr 0.5 0.5 0
36:42:r 0.5 0.5 0
36:43: 0 0.5 0.5
36:43:c 0 0.5 0.5
36:43:cr 0.5 0.5 0
36:43:r 0.5 0.5 0
36:44: 0 0.5 0.5
36:44:c 0 0.5 0.5
36:44:cr 0.5 0.5 0
36:44:r 0.5 0.5 0
36:45: 0 0.5 0.5
36:45:c 0 0.5 0.5
36:45:cr 0.5 0.5 0
36:45:r 0.5 0.5 0
36:46: 0 0.5 0.5
36:46:c 0 0.5 0.5
36:46:cr 0.5 0.5 0
36:46:r 0.5 0.5 0
36:47: 0 0.5 0.5
36:47:c 0 0.5 0.5
36:47:cr 0.5 0.5 0
36:47:r 0.5 0.5 0
36:48: 0 0.5 0.5
36:48:c 0 0.5 0.5
36:48:cr 0.5 0.5 0
36:48:r 0.5 0.5 0
36:49: 0 0.5 0.5
36:49:c 0 0.5 0.5
36:49:cr 0.5 0.5 0
36:49:r 0.5 0.5 0
36:50: 0 0.5 0.5
36:50:c 0 0.5 0.5
36:50:cr 0.5 0.5 0
36:50:r 0.5 0.5 0
36:51: 0 0.5 0.5
36:51:c 0 0.5 0.5
36:51:cr 0.5 0.5 0
36:51:r 0.5 0.5 0
37:38: 0 0.5 0.5
37:38:c 0 0.5 0.5
37:38:cr 0.5 0.5 0
37:38:r 0.5 0.5 0
37:39: 0 0.5 0.5
37:39:c 0 0.5 0.5
37:39:cr 0.5 0.5 0
37:39:r 0.5 0.5 0
37:40: 0 0.5 0.5
37:40:c 0 0.5 0.5
37:40:cr 0.5 0.5 0
37:40:r 0.5 0.5 0
37:41: 0 0.5 0.5
37:41:c 0 0.5 0.5
37:41:cr 0.5 0.5 0
37:41:r 0.5 0.5 0
37:42: 0 0.5 0.5
37:42:c 0 0.5 0.5
37:42:cr 0.5 0.5 0
37:42:r 0.5 0.5 0
37:43: 0 0.5 0.5
37:43:c 0 0.5 0.5
37:43:cr 0.5 0.5 0
37:43:r 0.5 0.5 0
37:44: 0 0.5 0.5
37:44:c 0 0.5 0.5
37:44:cr 0.5 0.5 0
37:44:r 0.5 0.5 0
37:45: 0 0.5 0.5
37:45:c 0 0.5 0.5
37:45:cr 0.5 0.5 0
37:45:r 0.5 0.5 0
37:46: 0 0.5 0.5
37:46:c 0 0.5 0.5
37:46:cr 0.5 0.5 0
37:46:r 0.5 0.5 0
37:47: 0 0.5 0.5
37:47:c 0 0.5 0.5
37:47:cr 0.5 0.5 0
37:47:r 0.5 0.5 0
37:48: 0 0.5 0.5
37:48:c 0 0.5 0.5
37:48:cr 0.5 0.5 0
37:48:r 0.5 0.5 0
37:49: 0 0.5 0.5
37:49:c 0 0.5 0.5
37:49:cr 0.5 0.5 0
37:49:r 0.5 0.5 0
37:50: 0 0.5 0.5
37:50:c 0 0.5 0.5
37:50:cr 0.5 0.5 0
37:50:r 0.5 0.5 0
37:51: 0 0.5 0.5
37:51:c 0 0.5 0.5
37:51:cr 0.5 0.5 0
37:51:r 0.5 0.5 0
38:39: 0 0.5 0.5
38:39:c 0 0.5 0.5
38:39:cr 0.5 0.5 0
38:39:r 0.5 0.5 0
38:40: 0 0.5 0.5
38:40:c 0 0.5 0.5
38:40:cr 0.5 0.5 0
38:40:r 0.5 0.5 0
38:41: 0 0.5 0.5
38:41:c 0 0.5 0.5
38:41:cr 0.5 0.5 0
38:41:r 0.5 0.5 0
38:42: 0 0.5 0.5
38:42:c 0 0.5 0.5
38:42:cr 0.5 0.5 0
38:42:r 0.5 0.5 0
38:43: 0 0.5 0.5
38:43:c 0 0.5 0.5
38:43:cr 0.5 0.5 0
38:43:r 0.5 0.5 0
38:44: 0 0.5 0.5
38:44:c 0 0.5 0.5
38:44:cr 0.5 0.5 0
38:44:r 0.5 0.5 0
38:45: 0 0.5 0.5
38:45:c 0 0.5 0.5
38:45:cr 0.5 0.5 0
38:45:r 0.5 0.5 0
38:46: 0 0.5 0.5
38:46:c 0 0.5 0.5
38:46:cr 0.5 0.5 0
38:46:r 0.5 0.5 0
38:47: 0 0.5 0.5
38:47:c 0 0.5 0.5
38:47:cr 0.5 0.5 0
38:47:r 0.5 0.5 0
38:48: 0 0.5 0.5
38:48:c 0 0.5 0.5
38:48:cr 0.5 0.5 0
38:48:r 0.5 0.5 0
38:49: 0 0.5 0.5
38:49:c 0 0.5 0.5
38:49:cr 0.5 0.5 0
38:49:r 0.5 0.5 0
38:50: 0 0.5 0.5
38:50:c 0 0.5 0.5
38:50:cr 0.5 0.5 0
38:50:r 0.5 0.5 0
38:51: 0 0.5 0.5
38:51:c 0 0.5 0.5
38:51:cr 0.5 0.5 0
38:51:r 0.5 0.5 0
39:40: 0 0.5 0.5
39:40:c 0 0.5 0.5
39:40:cr 0.5 0.5 0
39:40:r 0.5 0.5 0
39:41: 0 0.5 0.5
39:41:c 0 0.5 0.5
39:41:cr 0.5 0.5 0
39:41:r 0.5 0.5 0
39:42: 0 0.5 0.5
39:42:c 0 0.5 0.5
39:42:cr 0.5 0.5 0
39:42:r 0.5 0.5 0
39:43: 0 0.5 0.5
39:43:c 0 0.5 0.5
39:43:cr 0.5 0.5 0
39:43:r 0.5 0.5 0
39:44: 0 0.5 0.5
39:44:c 0 0.5 0.5
39:44:cr 0.5 0.5 0
39:44:r 0.5 0.5 0
39:45: 0 0.5 0.5
39:45:c 0 0.5 0.5
39:45:cr 0.5 0.5 0
39:45:r 0.5 0.5 0
39:46: 0 0.5 0.5
39:46:c 0 0.5 0.5
39:46:cr 0.5 0.5 0
39:46:r 0.5 0.5 0
39:47: 0 0.5 0.5
39:47:c 0 0.5 0.5
39:47:cr 0.5 0.5 0
39:47:r 0.5 0.5 0
39:48: 0 0.5 0.5
39:48:c 0 0.5 0.5
39:48:cr 0.5 0.5 0
39:48:r 0.5 0.5 0
39:49: 0 0.5 0.5
39:49:c 0 0.5 0.5
39:49:cr 0.5 0.5 0
39:49:r 0.5 0.5 0
39:50: 0 0.5 0.5
39:50:c 0 0.5 0.5
39:50:cr 0.5 0.5 0
39:50:r 0.5 0.5 0
39:51: 0 0.5 0.5
39:51:c 0 0.5 0.5
39:51:cr 0.5 0.5 0
39:51:r 0.5 0.5 0
3:10: 0 0.5 0.5
3:10:c 0 0.5 0.5
3:10:cr 0.5 0.5 0
3:10:r 0.5 0.5 0
3:11: 0 0.5 0.5
3:11:c 0 0.5 0.5
3:11:cr 0.5 0.5 0
3:11:r 0.5 0.5 0
3:12: 0 0.5 0.5
3:12:c 0 0.5 0.5
3:12:cr 0.5 0.5 0
3:12:r 0.5 0.5 0
3:13: 0 0.5 0.5
3:13:c 0 0.5 0.5
3:13:cr 0.5 0.5 0
3:13:r 0.5 0.5 0
3:14: 0 0.5 0.5
3:14:c 0 0.5 0.5
3:14:cr 0.5 0.5 0
3:14:r 0.5 0.5 0
3:15: 0 0.5 0.5
3:15:c 0 0.5 0.5
3:15:cr 0.5 0.5 0
3:15:r 0.5 0.5 0
3:16: 0 0.5 0.5
3:16:c 0 0.5 0.5
3:16:cr 0.5 0.5 0
3:16:r 0.5 0.5 0
3:17: 0 0.5 0.5
3:17:c 0 0.5 0.5
3:17:cr 0.5 0.5 0
3:17:r 0.5 0.5 0
3:18: 0 0.5 0.5
3:18:c 0 0.5 0.5
3:18:cr 0.5 0.5 0
3:18:r 0.5 0.5 0
3:19: 0 0.5 0.5
3:19:c 0 0.5 0.5
3:19:cr 0.5 0.5 0
3:19:r 0.5 0.5 0
3:20: 0 0.5 0.5
3:20:c 0 0.5 0.5
3:20:cr 0.5 0.5 0
3:20:r 0.5 0.5 0
3:21: 0 0.5 0.5
3:21:c 0 0.5 0.5
3:21:cr 0.5 0.5 0
3:21:r 0.5 0.5 0
3:22: 0 0.5 0.5
3:22:c 0 0.5 0.5
3:22:cr 0.5 0.5 0
3:22:r 0.5 0.5 0
3:23: 0 0.5 0.5
3:23:c 0 0.5 0.5
3:23:cr 0.5 0.5 0
3:23:r 0.5 0.5 0
3:24: 0 0.5 0.5
3:24:c 0 0.5 0.5
3:24:cr 0.5 0.5 0
3:24:r 0.5 0.5 0
3:25: 0 0.5 0.5
3:25:c 0 0.5 0.5
3:25:cr 0.5 0.5 0
3:25:r 0.5 0.5 0
3:26: 0 0.5 0.5
3:26:c 0 0.5 0.5
3:26:cr 0.5 0.5 0
3:26:r 0.5 0.5 0
3:27: 0 0.5 0.5
3:27:c 0 0.5 0.5
3:27:cr 0.5 0.5 0
3:27:r 0.5 0.5 0
3:28: 0 0.5 0.5
3:28:c 0 0.5 0.5
3:28:cr 0.5 0.5 0
3:28:r 0.5 0.5 0
3:29: 0 0.5 0.5
3:29:c 0 0.5 0.5
3:29:cr 0.5 0.5 0
3:29:r 0.5 0.5 0
3:30: 0 0.5 0.5
3:30:c 0 0.5 0.5
3:30:cr 0.5 0.5 0
3:30:r 0.5 0.5 0
3:31: 0 0.5 0.5
3:31:c 0 0.5 0.5
3:31:cr 0.5 0.5 0
3:31:r 0.5 0.5 0
3:32: 0 0.5 0.5
3:32:c 0 0.5 0.5
3:32:cr 0.5 0.5 0
3:32:r 0.5 0.5 0
3:33: 0 0.5 0.5
3:33:c 0 0.5 0.5
3:33:cr 0.5 0.5 0
3:33:r 0.5 0.5 0
3:34: 0 0.5 0.5
3:34:c 0 0.5 0.5
3:34:cr 0.5 0.5 0
3:34:r 0.5 0.5 0
3:35: 0 0.5 0.5
3:35:c 0 0.5 0.5
3:35:cr 0.5 0.5 0
3:35:r 0.5 0.5 0
3:36: 0 0.5 0.5
3:36:c 0 0.5 0.5
3:36:cr 0.5 0.5 0
3:36:r 0.5 0.5 0
3:37: 0 0.5 0.5
3:37:c 0 0.5 0.5
3:37:cr 0.5 0.5 0
3:37:r 0.5 0.5 0
3:38: 0 0.5 0.5
3:38:c 0 0.5 0.5
3:38:cr 0.5 0.5 0
3:38:r 0.5 0.5 0
3:39: 0 0.5 0.5
3:39:c 0 0.5 0.5
3:39:cr 0.5 0.5 0
3:39:r 0.5 0.5 0
3:40: 0 0.5 0.5
3:40:c 0 0.5 0.5
3:40:cr 0.5 0.5 0
3:40:r 0.5 0.5 0
3:41: 0 0.5 0.5
3:41:c 0 0.5 0.5
3:41:cr 0.5 0.5 0
3:41:r 0.5 0.5 0
3:42: 0 0.5 0.5
3:42:c 0 0.5 0.5
3:42:cr 0.5 0.5 0
3:42:r 0.5 0.5 0
3:43: 0 0.5 0.5
3:43:c 0 0.5 0.5
3:43:cr 0.5 0.5 0
3:43:r 0.5 0.5 0
3:44: 0 0.5 0.5
3:44:c 0 0.5 0.5
3:44:cr 0.5 0.5 0
3:44:r 0.5 0.5 0
3:45: 0 0.5 0.5
3:45:c 0 0.5 0.5
3:45:cr 0.5 0.5 0
3:45:r 0.5 0.5 0
3:46: 0 0.5 0.5
3:46:c 0 0.5 0.5
3:46:cr 0.5 0.5 0
3:46:r 0.5 0.5 0
3:47: 0 0.5 0.5
3:47:c 0 0.5 0.5
3:47:cr 0.5 0.5 0
3:47:r 0.5 0.5 0
3:48: 0 0.5 0.5
3:48:c 0 0.5 0.5
3:48:cr 0.5 0.5 0
3:48:r 0.5 0.5 0
3:49: 0 0.5 0.5
3:49:c 0 0.5 0.5
3:49:cr 0.5 0.5 0
3:49:r 0.5 0.5 0
3:4: 0 0.5 0.5
3:4:c 0 0.5 0.5
3:4:cr 0.5 0.5 0
3:4:r 0.5 0.5 0
3:50: 0 0.5 0.5
3:50:c 0 0.5 0.5
3:50:cr 0.5 0.5 0
3:50:r 0.5 0.5 0
3:51: 0 0.5 0.5
3:51:c 0 0.5 0.5
3:51:cr 0.5 0.5 0
3:51:r 0.5 0.5 0
3:5: 0 0.5 0.5
3:5:c 0 0.5 0.5
3:5:cr 0.5 0.5 0
3:5:r 0.5 0.5 0
3:6: 0 0.5 0.5
3:6:c 0 0.5 0.5
3:6:cr 0.5 0.5 0
3:6:r 0.5 0.5 0
3:7: 0 0.5 0.5
3:7:c 0 0.5 0.5
3:7:cr 0.5 0.5 0
3:7:r 0.5 0.5 0
3:8: 0 0.5 0.5
3:8:c 0 0.5 0.5
3:8:cr 0.5 0.5 0
3:8:r 0.5 0.5 0
3:9: 0 0.5 0.5
3:9:c 0 0.5 0.5
3:9:cr 0.5 0.5 0
3:9:r 0.5 0.5 0
40:41: 0 0.5 0.5
40:41:c 0 0.5 0.5
40:41:cr 0.5 0.5 0
40:41:r 0.5 0.5 0
40:42: 0 0.5 0.5
40:42:c 0 0.5 0.5
40:42:cr 0.5 0.5 0
40:42:r 0.5 0.5 0
40:43: 0 0.5 0.5
40:43:c 0 0.5 0.5
40:43:cr 0.5 0.5 0
40:43:r 0.5 0.5 0
40:44: 0 0.5 0.5
40:44:c 0 0.5 0.5
40:44:cr 0.5 0.5 0
40:44:r 0.5 0.5 0
40:45: 0 0.5 0.5
40:45:c 0 0.5 0.5
40:45:cr 0.5 0.5 0
40:45:r 0.5 0.5 0
40:46: 0 0.5 0.5
40:46:c 0 0.5 0.5
40:46:cr 0.5 0.5 0
40:46:r 0.5 0.5 0
40:47: 0 0.5 0.5
40:47:c 0 0.5 0.5
40:47:cr 0.5 0.5 0
40:47:r 0.5 0.5 0
40:48: 0 0.5 0.5
40:48:c 0 0.5 0.5
40:48:cr 0.5 0.5 0
40:48:r 0.5 0.5 0
40:49: 0 0.5 0.5
40:49:c 0 0.5 0.5
40:49:cr 0.5 0.5 0
40:49:r 0.5 0.5 0
40:50: 0 0.5 0.5
40:50:c 0 0.5 0.5
40:50:cr 0.5 0.5 0
40:50:r 0.5 0.5 0
40:51: 0 0.5 0.5
40:51:c 0 0.5 0.5
40:51:cr 0.5 0.5 0
40:51:r 0.5 0.5 0
41:42: 0 0.5 0.5
41:42:c 0 0.5 0.5
41:42:cr 0.5 0.5 0
41:42:r 0.5 0.5 0
41:43: 0 0.5 0.5
41:43:c 0 0.5 0.5
41:43:cr 0.5 0.5 0
41:43:r 0.5 0.5 0
41:44: 0 0.5 0.5
41:44:c 0 0.5 0.5
41:44:cr 0.5 0.5 0
41:44:r 0.5 0.5 0
41:45: 0 0.5 0.5
41:45:c 0 0.5 0.5
41:45:cr 0.5 0.5 0
41:45:r 0.5 0.5 0
41:46: 0 0.5 0.5
41:46:c 0 0.5 0.5
41:46:cr 0.5 0.5 0
41:46:r 0.5 0.5 0
41:47: 0 0.5 0.5
41:47:c 0 0.5 0.5
41:47:cr 0.5 0.5 0
41:47:r 0.5 0.5 0
41:48: 0 0.5 0.5
41:48:c 0 0.5 0.5
41:48:cr 0.5 0.5 0
41:48:r 0.5 0.5 0
41:49: 0 0.5 0.5
41:49:c 0 0.5 0.5
41:49:cr 0.5 0.5 0
41:49:r 0.5 0.5 0
41:50: 0 0.5 0.5
41:50:c 0 0.5 0.5
41:50:cr 0.5 0.5 0
41:50:r 0.5 0.5 0
41:51: 0 0.5 0.5
41:51:c 0 0.5 0.5
41:51:cr 0.5 0.5 0
41:51:r 0.5 0.5 0
42:43: 0 0.5 0.5
42:43:c 0 0.5 0.5
42:43:cr 0.5 0.5 0
42:43:r 0.5 0.5 0
42:44: 0 0.5 0.5
42:44:c 0 0.5 0.5
42:44:cr 0.5 0.5 0
42:44:r 0.5 0.5 0
42:45: 0 0.5 0.5
42:45:c 0 0.5 0.5
42:45:cr 0.5 0.5 0
42:45:r 0.5 0.5 0
42:46: 0 0.5 0.5
42:46:c 0 0.5 0.5
42:46:cr 0.5 0.5 0
42:46:r 0.5 0.5 0
42:47: 0 0.5 0.5
42:47:c 0 0.5 0.5
42:47:cr 0.5 0.5 0
42:47:r 0.5 0.5 0
42:48: 0 0.5 0.5
42:48:c 0 0.5 0.5
42:48:cr 0.5 0.5 0
42:48:r 0.5 0.5 0
42:49: 0 0.5 0.5
42:49:c 0 0.5 0.5
42:49:cr 0.5 0.5 0
42:49:r 0.5 0.5 0
42:50: 0 0.5 0.5
42:50:c 0 0.5 0.5
42:50:cr 0.5 0.5 0
42:50:r 0.5 0.5 0
42:51: 0 0.5 0.5
42:51:c 0 0.5 0.5
42:51:cr 0.5 0.5 0
42:51:r 0.5 0.5 0
43:44: 0 0.5 0.5
43:44:c 0 0.5 0.5
43:44:cr 0.5 0.5 0
43:44:r 0.5 0.5 0
43:45: 0 0.5 0.5
43:45:c 0 0.5 0.5
43:45:cr 0.5 0.5 0
43:45:r 0.5 0.5 0
43:46: 0 0.5 0.5
43:46:c 0 0.5 0.5
43:46:cr 0.5 0.5 0
43:46:r 0.5 0.5 0
43:47: 0 0.5 0.5
43:47:c 0 0.5 0.5
43:47:cr 0.5 0.5 0
43:47:r 0.5 0.5 0
43:48: 0 0.5 0.5
43:48:c 0 0.5 0.5
43:48:cr 0.5 0.5 0
43:48:r 0.5 0.5 0
43:49: 0 0.5 0.5
43:49:c 0 0.5 0.5
43:49:cr 0.5 0.5 0
43:49:r 0.5 0.5 0
43:50: 0 0.5 0.5
43:50:c 0 0.5 0.5
43:50:cr 0.5 0.5 0
43:50:r 0.5 0.5 0
43:51: 0 0.5 0.5
43:51:c 0 0.5 0.5
43:51:cr 0.5 0.5 0
43:51:r 0.5 0.5 0
44:45: 0 0.5 0.5
44:45:c 0 0.5 0.5
44:45:cr 0.5 0.5 0
44:45:r 0.5 0.5 0
44:46: 0 0.5 0.5
44:46:c 0 0.5 0.5
44:46:cr 0.5 0.5 0
44:46:r 0.5 0.5 0
44:47: 0 0.5 0.5
44:47:c 0 0.5 0.5
44:47:cr 0.5 0.5 0
44:47:r 0.5 0.5 0
44:48: 0 0.5 0.5
44:48:c 0 0.5 0.5
44:48:cr 0.5 0.5 0
44:48:r 0.5 0.5 0
44:49: 0 0.5 0.5
44:49:c 0 0.5 0.5
44:49:cr 0.5 0.5 0
44:49:r 0.5 0.5 0
44:50: 0 0.5 0.5
44:50:c 0 0.5 0.5
44:50:cr 0.5 0.5 0
44:50:r 0.5 0.5 0
44:51: 0 0.5 0.5
44:51:c 0 0.5 0.5
44:51:cr 0.5 0.5 0
44:51:r 0.5 0.5 0
45:46: 0 0.5 0.5
45:46:c 0 0.5 0.5
45:46:cr 0.5 0.5 0
45:46:r 0.5 0.5 0
45:47: 0 0.5 0.5
45:47:c 0 0.5 0.5
45:47:cr 0.5 0.5 0
45:47:r 0.5 0.5 0
45:48: 0 0.5 0.5
45:48:c 0 0.5 0.5
45:48:cr 0.5 0.5 0
45:48:r 0.5 0.5 0
45:49: 0 0.5 0.5
45:49:c 0 0.5 0.5
45:49:cr 0.5 0.5 0
45:49:r 0.5 0.5 0
45:50: 0 0.5 0.5
45:50:c 0 0.5 0.5
45:50:cr 0.5 0.5 0
45:50:r 0.5 0.5 0
45:51: 0 0.5 0.5
45:51:c 0 0.5 0.5
45:51:cr 0.5 0.5 0
45:51:r 0.5 0.5 0
46:47: 0 0.5 0.5
46:47:c 0 0.5 0.5
46:47:cr 0.5 0.5 0
46:47:r 0.5 0.5 0
46:48: 0 0.5 0.5
46:48:c 0 0.5 0.5
46:48:cr 0.5 0.5 0
46:48:r 0.5 0.5 0
46:49: 0 0.5 0.5
46:49:c 0 0.5 0.5
46:49:cr 0.5 0.5 0
46:49:r 0.5 0.5 0
46:50: 0 0.5 0.5
46:50:c 0 0.5 0.5
46:50:cr 0.5 0.5 0
46:50:r 0.5 0.5 0
46:51: 0 0.5 0.5
46:51:c 0 0.5 0.5
46:51:cr 0.5 0.5 0
46:51:r 0.5 0.5 0
47:48: 0 0.5 0.5
47:48:c 0 0.5 0.5
47:48:cr 0.5 0.5 0
47:48:r 0.5 0.5 0
47:49: 0 0.5 0.5
47:49:c 0 0.5 0.5
47:49:cr 0.5 0.5 0
47:49:r 0.5 0.5 0
47:50: 0 0.5 0.5
47:50:c 0 0.5 0.5
47:50:cr 0.5 0.5 0
47:50:r 0.5 0.5 0
47:51: 0 0.5 0.5
47:51:c 0 0.5 0.5
47:51:cr 0.5 0.5 0
47:51:r 0.5 0.5 0
48:49: 0 0.5 0.5
48:49:c 0 0.5 0.5
48:49:cr 0.5 0.5 0
48:49:r 0.5 0.5 0
48:50: 0 0.5 0.5
48:50:c 0 0.5 0.5
48:50:cr 0.5 0.5 0
48:50:r 0.5 0.5 0
48:51: 0 0.5 0.5
48:51:c 0 0.5 0.5
48:51:cr 0.5 0.5 0
48:51:r 0.5 0.5 0
49:50: 0 0.5 0.5
49:50:c 0 0.5 0.5
49:50:cr 0.5 0.5 0
49:50:r 0.5 0.5 0
49:51: 0 0.5 0.5
49:51:c 0 0.5 0.5
49:51:cr 0.5 0.5 0
49:51:r 0.5 0.5 0
4:10: 0 0.5 0.5
4:10:c 0 0.5 0.5
4:10:cr 0.5 0.5 0
4:10:r 0.5 0.5 0
4:11: 0 0.5 0.5
4:11:c 0 0.5 0.5
4:11:cr 0.5 0.5 0
4:11:r 0.5 0.5 0
4:12: 0 0.5 0.5
4:12:c 0 0.5 0.5
4:12:cr 0.5 0.5 0
4:12:r 0.5 0.5 0
4:13: 0 0.5 0.5
4:13:c 0 0.5 0.5
4:13:cr 0.5 0.5 0
4:13:r 0.5 0.5 0
4:14: 0 0.5 0.5
4:14:c 0 0.5 0.5
4:14:cr 0.5 0.5 0
4:14:r 0.5 0.5 0
4:15: 0 0.5 0.5
4:15:c 0 0.5 0.5
4:15:cr 0.5 0.5 0
4:15:r 0.5 0.5 0
4:16: 0 0.5 0.5
4:16:c 0 0.5 0.5
4:16:cr 0.5 0.5 0
4:16:r 0.5 0.5 0
4:17: 0 0.5 0.5
4:17:c 0 0.5 0.5
4:17:cr 0.5 0.5 0
4:17:r 0.5 0.5 0
4:18: 0 0.5 0.5
4:18:c 0 0.5 0.5
4:18:cr 0.5 0.5 0
4:18:r 0.5 0.5 0
4:19: 0 0.5 0.5
4:19:c 0 0.5 0.5
4:19:cr 0.5 0.5 0
4:19:r 0.5 0.5 0
4:20: 0 0.5 0.5
4:20:c 0 0.5 0.5
4:20:cr 0.5 0.5 0
4:20:r 0.5 0.5 0
4:21: 0 0.5 0.5
4:21:c 0 0.5 0.5
4:21:cr 0.5 0.5 0
4:21:r 0.5 0.5 0
4:22: 0 0.5 0.5
4:22:c 0 0.5 0.5
4:22:cr 0.5 0.5 0
4:22:r 0.5 0.5 0
4:23: 0 0.5 0.5
4:23:c 0 0.5 0.5
4:23:cr 0.5 0.5 0
4:23:r 0.5 0.5 0
4:24: 0 0.5 0.5
4:24:c 0 0.5 0.5
4:24:cr 0.5 0.5 0
4:24:r 0.5 0.5 0
4:25: 0 0.5 0.5
4:25:c 0 0.5 0.5
4:25:cr 0.5 0.5 0
4:25:r 0.5 0.5 0
4:26: 0 0.5 0.5
4:26:c 0 0.5 0.5
4:26:cr 0.5 0.5 0
4:26:r 0.5 0.5 0
4:27: 0 0.5 0.5
4:27:c 0 0.5 0.5
4:27:cr 0.5 0.5 0
4:27:r 0.5 0.5 0
4:28: 0 0.5 0.5
4:28:c 0 0.5 0.5
4:28:cr 0.5 0.5 0
4:28:r 0.5 0.5 0
4:29: 0 0.5 0.5
4:29:c 0 0.5 0.5
4:29:cr 0.5 0.5 0
4:29:r 0.5 0.5 0
4:30: 0 0.5 0.5
4:30:c 0 0.5 0.5
4:30:cr 0.5 0.5 0
4:30:r 0.5 0.5 0
4:31: 0 0.5 0.5
4:31:c 0 0.5 0.5
4:31:cr 0.5 0.5 0
4:31:r 0.5 0.5 0
4:32: 0 0.5 0.5
4:32:c 0 0.5 0.5
4:32:cr 0.5 0.5 0
4:32:r 0.5 0.5 0
4:33: 0 0.5 0.5
4:33:c 0 0.5 0.5
4:33:cr 0.5 0.5 0
4:33:r 0.5 0.5 0
4:34: 0 0.5 0.5
4:34:c 0 0.5 0.5
4:34:cr 0.5 0.5 0
4:34:r 0.5 0.5 0
4:35: 0 0.5 0.5
4:35:c 0 0.5 0.5
4:35:cr 0.5 0.5 0
4:35:r 0.5 0.5 0
4:36: 0 0.5 0.5
4:36:c 0 0.5 0.5
4:36:cr 0.5 0.5 0
4:36:r 0.5 0.5 0
4:37: 0 0.5 0.5
4:37:c 0 0.5 0.5
4:37:cr 0.5 0.5 0
4:37:r 0.5 0.5 0
4:38: 0 0.5 0.5
4:38:c 0 0.5 0.5
4:38:cr 0.5 0.5 0
4:38:r 0.5 0.5 0
4:39: 0 0.5 0.5
4:39:c 0 0.5 0.5
4:39:cr 0.5 0.5 0
4:39:r 0.5 0.5 0
4:40: 0 0.5 0.5
4:40:c 0 0.5 0.5
4:40:cr 0.5 0.5 0
4:40:r 0.5 0.5 0
4:41: 0 0.5 0.5
4:41:c 0 0.5 0.5
4:41:cr 0.5 0.5 0
4:41:r 0.5 0.5 0
4:42: 0 0.5 0.5
4:42:c 0 0.5 0.5
4:42:cr 0.5 0.5 0
4:42:r 0.5 0.5 0
4:43: 0 0.5 0.5
4:43:c 0 0.5 0.5
4:43:cr 0.5 0.5 0
4:43:r 0.5 0.5 0
4:44: 0 0.5 0.5
4:44:c 0 0.5 0.5
4:44:cr 0.5 0.5 0
4:44:r 0.5 0.5 0
4:45: 0 0.5 0.5
4:45:c 0 0.5 0.5
4:45:cr 0.5 0.5 0
4:45:r 0.5 0.5 0
4:46: 0 0.5 0.5
4:46:c 0 0.5 0.5
4:46:cr 0.5 0.5 0
4:46:r 0.5 0.5 0
4:47: 0 0.5 0.5
4:47:c 0 0.5 0.5
4:47:cr 0.5 0.5 0
4:47:r 0.5 0.5 0
4:48: 0 0.5 0.5
4:48:c 0 0.5 0.5
4:48:cr 0.5 0.5 0
4:48:r 0.5 0.5 0
4:49: 0 0.5 0.5
4:49:c 0 0.5 0.5
4:49:cr 0.5 0.5 0
4:49:r 0.5 0.5 0
4:50: 0 0.5 0.5
4:50:c 0 0.5 0.5
4:50:cr 0.5 0.5 0
4:50:r 0.5 0.5 0
4:51: 0 0.5 0.5
4:51:c 0 0.5 0.5
4:51:cr 0.5 0.5 0
4:51:r 0.5 0.5 0
4:5: 0 0.5 0.5
4:5:c 0 0.5 0.5
4:5:cr 0.5 0.5 0
4:5:r 0.5 0.5 0
4:6: 0 0.5 0.5
4:6:c 0 0.5 0.5
4:6:cr 0.5 0.5 0
4:6:r 0.5 0.5 0
4:7: 0 0.5 0.5
4:7:c 0 0.5 0.5
4:7:cr 0.5 0.5 0
4:7:r 0.5 0.5 0
4:8: 0 0.5 0.5
4:8:c 0 0.5 0.5
4:8:cr 0.5 0.5 0
4:8:r 0.5 0.5 0
4:9: 0 0.5 0.5
4:9:c 0 0.5 0.5
4:9:cr 0.5 0.5 0
4:9:r 0.5 0.5 0
50:51: 0 0.5 0.5
50:51:c 0 0.5 0.5
50:51:cr 0.5 0.5 0
50:51:r 0.5 0.5 0
5:10: 0 0.5 0.5
5:10:c 0 0.5 0.5
5:10:cr 0.5 0.5 0
5:10:r 0.5 0.5 0
5:11: 0 0.5 0.5
5:11:c 0 0.5 0.5
5:11:cr 0.5 0.5 0
5:11:r 0.5 0.5 0
5:12: 0 0.5 0.5
5:12:c 0 0.5 0.5
5:12:cr 0.5 0.5 0
5:12:r 0.5 0.5 0
5:13: 0 0.5 0.5
5:13:c 0 0.5 0.5
5:13:cr 0.5 0.5 0
5:13:r 0.5 0.5 0
5:14: 0 0.5 0.5
5:14:c 0 0.5 0.5
5:14:cr 0.5 0.5 0
5:14:r 0.5 0.5 0
5:15: 0 0.5 0.5
5:15:c 0 0.5 0.5
5:15:cr 0.5 0.5 0
5:15:r 0.5 0.5 0
5:16: 0 0.5 0.5
5:16:c 0 0.5 0.5
5:16:cr 0.5 0.5 0
5:16:r 0.5 0.5 0
5:17: 0 0.5 0.5
5:17:c 0 0.5 0.5
5:17:cr 0.5 0.5 0
5:17:r 0.5 0.5 0
5:18: 0 0.5 0.5
5:18:c 0 0.5 0.5
5:18:cr 0.5 0.5 0
5:18:r 0.5 0.5 0
5:19: 0 0.5 0.5
5:19:c 0 0.5 0.5
5:19:cr 0.5 0.5 0
5:19:r 0.5 0.5 0
5:20: 0 0.5 0.5
5:20:c 0 0.5 0.5
5:20:cr 0.5 0.5 0
5:20:r 0.5 0.5 0
5:21: 0 0.5 0.5
5:21:c 0 0.5 0.5
5:21:cr 0.5 0.5 0
5:21:r 0.5 0.5 0
5:22: 0 0.5 0.5
5:22:c 0 0.5 0.5
5:22:cr 0.5 0.5 0
5:22:r 0.5 0.5 0
5:23: 0 0.5 0.5
5:23:c 0 0.5 0.5
5:23:cr 0.5 0.5 0
5:23:r 0.5 0.5 0
5:24: 0 0.5 0.5
5:24:c 0 0.5 0.5
5:24:cr 0.5 0.5 0
5:24:r 0.5 0.5 0
5:25: 0 0.5 0.5
5:25:c 0 0.5 0.5
5:25:cr 0.5 0.5 0
5:25:r 0.5 0.5 0
5:26: 0 0.5 0.5
5:26:c 0 0.5 0.5
5:26:cr 0.5 0.5 0
5:26:r 0.5 0.5 0
5:27: 0 0.5 0.5
5:27:c 0 0.5 0.5
5:27:cr 0.5 0.5 0
5:27:r 0.5 0.5 0
5:28: 0 0.5 0.5
5:28:c 0 0.5 0.5
5:28:cr 0.5 0.5 0
5:28:r 0.5 0.5 0
5:29: 0 0.5 0.5
5:29:c 0 0.5 0.5
5:29:cr 0.5 0.5 0
5:29:r 0.5 0.5 0
5:30: 0 0.5 0.5
5:30:c 0 0.5 0.5
5:30:cr 0.5 0.5 0
5:30:r 0.5 0.5 0
5:31: 0 0.5 0.5
5:31:c 0 0.5 0.5
5:31:cr 0.5 0.5 0
5:31:r 0.5 0.5 0
5:32: 0 0.5 0.5
5:32:c 0 0.5 0.5
5:32:cr 0.5 0.5 0
5:32:r 0.5 0.5 0
5:33: 0 0.5 0.5
5:33:c 0 0.5 0.5
5:33:cr 0.5 0.5 0
5:33:r 0.5 0.5 0
5:34: 0 0.5 0.5
5:34:c 0 0.5 0.5
5:34:cr 0.5 0.5 0
5:34:r 0.5 0.5 0
5:35: 0 0.5 0.5
5:35:c 0 0.5 0.5
5:35:cr 0.5 0.5 0
5:35:r 0.5 0.5 0
5:36: 0 0.5 0.5
5:36:c 0 0.5 0.5
5:36:cr 0.5 0.5 0
5:36:r 0.5 0.5 0
5:37: 0 0.5 0.5
5:37:c 0 0.5 0.5
5:37:cr 0.5 0.5 0
5:37:r 0.5 0.5 0
5:38: 0 0.5 0.5
5:38:c 0 0.5 0.5
5:38:cr 0.5 0.5 0
5:38:r 0.5 0.5 0
5:39: 0 0.5 0.5
5:39:c 0 0.5 0.5
5:39:cr 0.5 0.5 0
5:39:r 0.5 0.5 0
5:40: 0 0.5 0.5
5:40:c 0 0.5 0.5
5:40:cr 0.5 0.5 0
5:40:r 0.5 0.5 0
5:41: 0 0.5 0.5
5:41:c 0 0.5 0.5
5:41:cr 0.5 0.5 0
5:41:r 0.5 0.5 0
5:42: 0 0.5 0.5
5:42:c 0 0.5 0.5
5:42:cr 0.5 0.5 0
5:42:r 0.5 0.5 0
5:43: 0 0.5 0.5
5:43:c 0 0.5 0.5
5:43:cr 0.5 0.5 0
5:43:r 0.5 0.5 0
5:44: 0 0.5 0.5
5:44:c 0 0.5 0.5
5:44:cr 0.5 0.5 0
5:44:r 0.5 0.5 0
5:45: 0 0.5 0.5
5:45:c 0 0.5 0.5
5:45:cr 0.5 0.5 0
5:45:r 0.5 0.5 0
5:46: 0 0.5 0.5
5:46:c 0 0.5 0.5
5:46:cr 0.5 0.5 0
5:46:r 0.5 0.5 0
5:47: 0 0.5 0.5
5:47:c 0 0.5 0.5
5:47:cr 0.5 0.5 0
5:47:r 0.5 0.5 0
5:48: 0 0.5 0.5
5:48:c 0 0.5 0.5
5:48:cr 0.5 0.5 0
5:48:r 0.5 0.5 0
5:49: 0 0.5 0.5
5:49:c 0 0.5 0.5
5:49:cr 0.5 0.5 0
5:49:r 0.5 0.5 0
5:50: 0 0.5 0.5
5:50:c 0 0.5 0.5
5:50:cr 0.5 0.5 0
5:50:r 0.5 0.5 0
5:51: 0 0.5 0.5
5:51:c 0 0.5 0.5
5:51:cr 0.5 0.5 0
5:51:r 0.5 0.5 0
5:6: 0 0.5 0.5
5:6:c 0 0.5 0.5
5:6:cr 0.5 0.5 0
5:6:r 0.5 0.5 0
5:7: 0 0.5 0.5
5:7:c 0 0.5 0.5
5:7:cr 0.5 0.5 0
5:7:r 0.5 0.5 0
5:8: 0 0.5 0.5
5:8:c 0 0.5 0.5
5:8:cr 0.5 0.5 0
5:8:r 0.5 0.5 0
5:9: 0 0.5 0.5
5:9:c 0 0.5 0.5
5:9:cr 0.5 0.5 0
5:9:r 0.5 0.5 0
6:10: 0 0.5 0.5
6:10:c 0 0.5 0.5
6:10:cr 0.5 0.5 0
6:10:r 0.5 0.5 0
6:11: 0 0.5 0.5
6:11:c 0 0.5 0.5
6:11:cr 0.5 0.5 0
6:11:r 0.5 0.5 0
6:12: 0 0.5 0.5
6:12:c 0 0.5 0.5
6:12:cr 0.5 0.5 0
6:12:r 0.5 0.5 0
6:13: 0 0.5 0.5
6:13:c 0 0.5 0.5
6:13:cr 0.5 0.5 0
6:13:r 0.5 0.5 0
6:14: 0 0.5 0.5
6:14:c 0 0.5 0.5
6:14:cr 0.5 0.5 0
6:14:r 0.5 0.5 0
6:15: 0 0.5 0.5
6:15:c 0 0.5 0.5
6:15:cr 0.5 0.5 0
6:15:r 0.5 0.5 0
6:16: 0 0.5 0.5
6:16:c 0 0.5 0.5
6:16:cr 0.5 0.5 0
6:16:r 0.5 0.5 0
6:17: 0 0.5 0.5
6:17:c 0 0.5 0.5
6:17:cr 0.5 0.5 0
6:17:r 0.5 0.5 0
6:18: 0 0.5 0.5
6:18:c 0 0.5 0.5
6:18:cr 0.5 0.5 0
6:18:r 0.5 0.5 0
6:19: 0 0.5 0.5
6:19:c 0 0.5 0.5
6:19:cr 0.5 0.5 0
6:19:r 0.5 0.5 0
6:20: 0 0.5 0.5
6:20:c 0 0.5 0.5
6:20:cr 0.5 0.5 0
6:20:r 0.5 0.5 0
6:21: 0 0.5 0.5
6:21:c 0 0.5 0.5
6:21:cr 0.5 0.5 0
6:21:r 0.5 0.5 0
6:22: 0 0.5 0.5
6:22:c 0 0.5 0.5
6:22:cr 0.5 0.5 0
6:22:r 0.5 0.5 0
6:23: 0 0.5 0.5
6:23:c 0 0.5 0.5
6:23:cr 0.5 0.5 0
6:23:r 0.5 0.5 0
6:24: 0 0.5 0.5
6:24:c 0 0.5 0.5
6:24:cr 0.5 0.5 0
6:24:r 0.5 0.5 0
6:25: 0 0.5 0.5
6:25:c 0 0.5 0.5
6:25:cr 0.5 0.5 0
6:25:r 0.5 0.5 0
6:26: 0 0.5 0.5
6:26:c 0 0.5 0.5
6:26:cr 0.5 0.5 0
6:26:r 0.5 0.5 0
6:27: 0 0.5 0.5
6:27:c 0 0.5 0.5
6:27:cr 0.5 0.5 0
6:27:r 0.5 0.5 0
6:28: 0 0.5 0.5
6:28:c 0 0.5 0.5
6:28:cr 0.5 0.5 0
6:28:r 0.5 0.5 0
6:29: 0 0.5 0.5
6:29:c 0 0.5 0.5
6:29:cr 0.5 0.5 0
6:29:r 0.5 0.5 0
6:30: 0 0.5 0.5
6:30:c 0 0.5 0.5
6:30:cr 0.5 0.5 0
6:30:r 0.5 0.5 0
6:31: 0 0.5 0.5
6:31:c 0 0.5 0.5
6:31:cr 0.5 0.5 0
6:31:r 0.5 0.5 0
6:32: 0 0.5 0.5
6:32:c 0 0.5 0.5
6:32:cr 0.5 0.5 0
6:32:r 0.5 0.5 0
6:33: 0 0.5 0.5
6:33:c 0 0.5 0.5
6:33:cr 0.5 0.5 0
6:33:r 0.5 0.5 0
6:34: 0 0.5 0.5
6:34:c 0 0.5 0.5
6:34:cr 0.5 0.5 0
6:34:r 0.5 0.5 0
6:35: 0 0.5 0.5
6:35:c 0 0.5 0.5
6:35:cr 0.5 0.5 0
6:35:r 0.5 0.5 0
6:36: 0 0.5 0.5
6:36:c 0 0.5 0.5
6:36:cr 0.5 0.5 0
6:36:r 0.5 0.5 0
6:37: 0 0.5 0.5
6:37:c 0 0.5 0.5
6:37:cr 0.5 0.5 0
6:37:r 0.5 0.5 0
6:38: 0 0.5 0.5
6:38:c 0 0.5 0.5
6:38:cr 0.5 0.5 0
6:38:r 0.5 0.5 0
6:39: 0 0.5 0.5
6:39:c 0 0.5 0.5
6:39:cr 0.5 0.5 0
6:39:r 0.5 0.5 0
6:40: 0 0.5 0.5
6:40:c 0 0.5 0.5
6:40:cr 0.5 0.5 0
6:40:r 0.5 0.5 0
6:41: 0 0.5 0.5
6:41:c 0 0.5 0.5
6:41:cr 0.5 0.5 0
6:41:r 0.5 0.5 0
6:42: 0 0.5 0.5
6:42:c 0 0.5 0.5
6:42:cr 0.5 0.5 0
6:42:r 0.5 0.5 0
6:43: 0 0.5 0.5
6:43:c 0 0.5 0.5
6:43:cr 0.5 0.5 0
6:43:r 0.5 0.5 0
6:44: 0 0.5 0.5
6:44:c 0 0.5 0.5
6:44:cr 0.5 0.5 0
6:44:r 0.5 0.5 0
6:45: 0 0.5 0.5
6:45:c 0 0.5 0.5
6:45:cr 0.5 0.5 0
6:45:r 0.5 0.5 0
6:46: 0 0.5 0.5
6:46:c 0 0.5 0.5
6:46:cr 0.5 0.5 0
6:46:r 0.5 0.5 0
6:47: 0 0.5 0.5
6:47:c 0 0.5 0.5
6:47:cr 0.5 0.5 0
6:47:r 0.5 0.5 0
6:48: 0 0.5 0.5
6:48:c 0 0.5 0.5
6:48:cr 0.5 0.5 0
6:48:r 0.5 0.5 0
6:49: 0 0.5 0.5
6:49:c 0 0.5 0.5
6:49:cr 0.5 0.5 0
6:49:r 0.5 0.5 0
6:50: 0 0.5 0.5
6:50:c 0 0.5 0.5
6:50:cr 0.5 0.5 0
6:50:r 0.5 0.5 0
6:51: 0 0.5 0.5
6:51:c 0 0.5 0.5
6:51:cr 0.5 0.5 0
6:51:r 0.5 0.5 0
6:7: 0 0.5 0.5
6:7:c 0 0.5 0.5
6:7:cr 0.5 0.5 0
6:7:r 0.5 0.5 0
6:8: 0 0.5 0.5
6:8:c 0 0.5 0.5
6:8:cr 0.5 0.5 0
6:8:r 0.5 0.5 0
6:9: 0 0.5 0.5
6:9:c 0 0.5 0.5
6:9:cr 0.5 0.5 0
6:9:r 0.5 0.5 0
7:10: 0 0.5 0.5
7:10:c 0 0.5 0.5
7:10:cr 0.5 0.5 0
7:10:r 0.5 0.5 0
7:11: 0 0.5 0.5
7:11:c 0 0.5 0.5
7:11:cr 0.5 0.5 0
7:11:r 0.5 0.5 0
7:12: 0 0.5 0.5
7:12:c 0 0.5 0.5
7:12:cr 0.5 0.5 0
7:12:r 0.5 0.5 0
7:13: 0 0.5 0.5
7:13:c 0 0.5 0.5
7:13:cr 0.5 0.5 0
7:13:r 0.5 0.5 0
7:14: 0 0.5 0.5
7:14:c 0 0.5 0.5
7:14:cr 0.5 0.5 0
7:14:r 0.5 0.5 0
7:15: 0 0.5 0.5
7:15:c 0 0.5 0.5
7:15:cr 0.5 0.5 0
7:15:r 0.5 0.5 0
7:16: 0 0.5 0.5
7:16:c 0 0.5 0.5
7:16:cr 0.5 0.5 0
7:16:r 0.5 0.5 0
7:17: 0 0.5 0.5
7:17:c 0 0.5 0.5
7:17:cr 0.5 0.5 0
7:17:r 0.5 0.5 0
7:18: 0 0.5 0.5
7:18:c 0 0.5 0.5
7:18:cr 0.5 0.5 0
7:18:r 0.5 0.5 0
7:19: 0 0.5 0.5
7:19:c 0 0.5 0.5
7:19:cr 0.5 0.5 0
7:19:r 0.5 0.5 0
7:20: 0 0.5 0.5
7:20:c 0 0.5 0.5
7:20:cr 0.5 0.5 0
7:20:r 0.5 0.5 0
7:21: 0 0.5 0.5
7:21:c 0 0.5 0.5
7:21:cr 0.5 0.5 0
7:21:r 0.5 0.5 0
7:22: 0 0.5 0.5
7:22:c 0 0.5 0.5
7:22:cr 0.5 0.5 0
7:22:r 0.5 0.5 0
7:23: 0 0.5 0.5
7:23:c 0 0.5 0.5
7:23:cr 0.5 0.5 0
7:23:r 0.5 0.5 0
7:24: 0 0.5 0.5
7:24:c 0 0.5 0.5
7:24:cr 0.5 0.5 0
7:24:r 0.5 0.5 0
7:25: 0 0.5 0.5
7:25:c 0 0.5 0.5
7:25:cr 0.5 0.5 0
7:25:r 0.5 0.5 0
7:26: 0 0.5 0.5
7:26:c 0 0.5 0.5
7:26:cr 0.5 0.5 0
7:26:r 0.5 0.5 0
7:27: 0 0.5 0.5
7:27:c 0 0.5 0.5
7:27:cr 0.5 0.5 0
7:27:r 0.5 0.5 0
7:28: 0 0.5 0.5
7:28:c 0 0.5 0.5
7:28:cr 0.5 0.5 0
7:28:r 0.5 0.5 0
7:29: 0 0.5 0.5
7:29:c 0 0.5 0.5
7:29:cr 0.5 0.5 0
7:29:r 0.5 0.5 0
7:30: 0 0.5 0.5
7:30:c 0 0.5 0.5
7:30:cr 0.5 0.5 0
7:30:r 0.5 0.5 0
7:31: 0 0.5 0.5
7:31:c 0 0.5 0.5
7:31:cr 0.5 0.5 0
7:31:r 0.5 0.5 0
7:32: 0 0.5 0.5
7:32:c 0 0.5 0.5
7:32:cr 0.5 0.5 0
7:32:r 0.5 0.5 0
7:33: 0 0.5 0.5
7:33:c 0 0.5 0.5
7:33:cr 0.5 0.5 0
7:33:r 0.5 0.5 0
7:34: 0 0.5 0.5
7:34:c 0 0.5 0.5
7:34:cr 0.5 0.5 0
7:34:r 0.5 0.5 0
7:35: 0 0.5 0.5
7:35:c 0 0.5 0.5
7:35:cr 0.5 0.5 0
7:35:r 0.5 0.5 0
7:36: 0 0.5 0.5
7:36:c 0 0.5 0.5
7:36:cr 0.5 0.5 0
7:36:r 0.5 0.5 0
7:37: 0 0.5 0.5
7:37:c 0 0.5 0.5
7:37:cr 0.5 0.5 0
7:37:r 0.5 0.5 0
7:38: 0 0.5 0.5
7:38:c 0 0.5 0.5
7:38:cr 0.5 0.5 0
7:38:r 0.5 0.5 0
7:39: 0 0.5 0.5
7:39:c 0 0.5 0.5
7:39:cr 0.5 0.5 0
7:39:r 0.5 0.5 0
7:40: 0 0.5 0.5
7:40:c 0 0.5 0.5
7:40:cr 0.5 0.5 0
7:40:r 0.5 0.5 0
7:41: 0 0.5 0.5
7:41:c 0 0.5 0.5
7:41:cr 0.5 0.5 0
7:41:r 0.5 0.5 0
7:42: 0 0.5 0.5
7:42:c 0 0.5 0.5
7:42:cr 0.5 0.5 0
7:42:r 0.5 0.5 0
7:43: 0 0.5 0.5
7:43:c 0 0.5 0.5
7:43:cr 0.5 0.5 0
7:43:r 0.5 0.5 0
7:44: 0 0.5 0.5
7:44:c 0 0.5 0.5
7:44:cr 0.5 0.5 0
7:44:r 0.5 0.5 0
7:45: 0 0.5 0.5
7:45:c 0 0.5 0.5
7:45:cr 0.5 0.5 0
7:45:r 0.5 0.5 0
7:46: 0 0.5 0.5
7:46:c 0 0.5 0.5
7:46:cr 0.5 0.5 0
7:46:r 0.5 0.5 0
7:47: 0 0.5 0.5
7:47:c 0 0.5 0.5
7:47:cr 0.5 0.5 0
7:47:r 0.5 0.5 0
7:48: 0 0.5 0.5
7:48:c 0 0.5 0.5
7:48:cr 0.5 0.5 0
7:48:r 0.5 0.5 0
7:49: 0 0.5 0.5
7:49:c 0 0.5 0.5
7:49:cr 0.5 0.5 0
7:49:r 0.5 0.5 0
7:50: 0 0.5 0.5
7:50:c 0 0.5 0.5
7:50:cr 0.5 0.5 0
7:50:r 0.5 0.5 0
7:51: 0 0.5 0.5
7:51:c 0 0.5 0.5
7:51:cr 0.5 0.5 0
7:51:r 0.5 0.5 0
7:8: 0 0.5 0.5
7:8:c 0 0.5 0.5
7:8:cr 0.5 0.5 0
7:8:r 0.5 0.5 0
7:9: 0 0.5 0.5
7:9:c 0 0.5 0.5
7:9:cr 0.5 0.5 0
7:9:r 0.5 0.5 0
8:10: 0 0.5 0.5
8:10:c 0 0.5 0.5
8:10:cr 0.5 0.5 0
8:10:r 0.5 0.5 0
8:11: 0 0.5 0.5
8:11:c 0 0.5 0.5
8:11:cr 0.5 0.5 0
8:11:r 0.5 0.5 0
8:12: 0 0.5 0.5
8:12:c 0 0.5 0.5
8:12:cr 0.5 0.5 0
8:12:r 0.5 0.5 0
8:13: 0 0.5 0.5
8:13:c 0 0.5 0.5
8:13:cr 0.5 0.5 0
8:13:r 0.5 0.5 0
8:14: 0 0.5 0.5
8:14:c 0 0.5 0.5
8:14:cr 0.5 0.5 0
8:14:r 0.5 0.5 0
8:15: 0 0.5 0.5
8:15:c 0 0.5 0.5
8:15:cr 0.5 0.5 0
8:15:r 0.5 0.5 0
8:16: 0 0.5 0.5
8:16:c 0 0.5 0.5
8:16:cr 0.5 0.5 0
8:16:r 0.5 0.5 0
8:17: 0 0.5 0.5
8:17:c 0 0.5 0.5
8:17:cr 0.5 0.5 0
8:17:r 0.5 0.5 0
8:18: 0 0.5 0.5
8:18:c 0 0.5 0.5
8:18:cr 0.5 0.5 0
8:18:r 0.5 0.5 0
8:19: 0 0.5 0.5
8:19:c 0 0.5 0.5
8:19:cr 0.5 0.5 0
8:19:r 0.5 0.5 0
8:20: 0 0.5 0.5
8:20:c 0 0.5 0.5
8:20:cr 0.5 0.5 0
8:20:r 0.5 0.5 0
8:21: 0 0.5 0.5
8:21:c 0 0.5 0.5
8:21:cr 0.5 0.5 0
8:21:r 0.5 0.5 0
8:22: 0 0.5 0.5
8:22:c 0 0.5 0.5
8:22:cr 0.5 0.5 0
8:22:r 0.5 0.5 0
8:23: 0 0.5 0.5
8:23:c 0 0.5 0.5
8:23:cr 0.5 0.5 0
8:23:r 0.5 0.5 0
8:24: 0 0.5 0.5
8:24:c 0 0.5 0.5
8:24:cr 0.5 0.5 0
8:24:r 0.5 0.5 0
8:25: 0 0.5 0.5
8:25:c 0 0.5 0.5
8:25:cr 0.5 0.5 0
8:25:r 0.5 0.5 0
8:26: 0 0.5 0.5
8:26:c 0 0.5 0.5
8:26:cr 0.5 0.5 0
8:26:r 0.5 0.5 0
8:27: 0 0.5 0.5
8:27:c 0 0.5 0.5
8:27:cr 0.5 0.5 0
8:27:r 0.5 0.5 0
8:28: 0 0.5 0.5
8:28:c 0 0.5 0.5
8:28:cr 0.5 0.5 0
8:28:r 0.5 0.5 0
8:29: 0 0.5 0.5
8:29:c 0 0.5 0.5
8:29:cr 0.5 0.5 0
8:29:r 0.5 0.5 0
8:30: 0 0.5 0.5
8:30:c 0 0.5 0.5
8:30:cr 0.5 0.5 0
8:30:r 0.5 0.5 0
8:31: 0 0.5 0.5
8:31:c 0 0.5 0.5
8:31:cr 0.5 0.5 0
8:31:r 0.5 0.5 0
8:32: 0 0.5 0.5
8:32:c 0 0.5 0.5
8:32:cr 0.5 0.5 0
8:32:r 0.5 0.5 0
8:33: 0 0.5 0.5
8:33:c 0 0.5 0.5
8:33:cr 0.5 0.5 0
8:33:r 0.5 0.5 0
8:34: 0 0.5 0.5
8:34:c 0 0.5 0.5
8:34:cr 0.5 0.5 0
8:34:r 0.5 0.5 0
8:35: 0 0.5 0.5
8:35:c 0 0.5 0.5
8:35:cr 0.5 0.5 0
8:35:r 0.5 0.5 0
8:36: 0 0.5 0.5
8:36:c 0 0.5 0.5
8:36:cr 0.5 0.5 0
8:36:r 0.5 0.5 0
8:37: 0 0.5 0.5
8:37:c 0 0.5 0.5
8:37:cr 0.5 0.5 0
8:37:r 0.5 0.5 0
8:38: 0 0.5 0.5
8:38:c 0 0.5 0.5
8:38:cr 0.5 0.5 0
8:38:r 0.5 0.5 0
8:39: 0 0.5 0.5
8:39:c 0 0.5 0.5
8:39:cr 0.5 0.5 0
8:39:r 0.5 0.5 0
8:40: 0 0.5 0.5
8:40:c 0 0.5 0.5
8:40:cr 0.5 0.5 0
8:40:r 0.5 0.5 0
8:41: 0 0.5 0.5
8:41:c 0 0.5 0.5
8:41:cr 0.5 0.5 0
8:41:r 0.5 0.5 0
8:42: 0 0.5 0.5
8:42:c 0 0.5 0.5
8:42:cr 0.5 0.5 0
8:42:r 0.5 0.5 0
8:43: 0 0.5 0.5
8:43:c 0 0.5 0.5
8:43:cr 0.5 0.5 0
8:43:r 0.5 0.5 0
8:44: 0 0.5 0.5
8:44:c 0 0.5 0.5
8:44:cr 0.5 0.5 0
8:44:r 0.5 0.5 0
8:45: 0 0.5 0.5
8:45:c 0 0.5 0.5
8:45:cr 0.5 0.5 0
8:45:r 0.5 0.5 0
8:46: 0 0.5 0.5
8:46:c 0 0.5 0.5
8:46:cr 0.5 0.5 0
8:46:r 0.5 0.5 0
8:47: 0 0.5 0.5
8:47:c 0 0.5 0.5
8:47:cr 0.5 0.5 0
8:47:r 0.5 0.5 0
8:48: 0 0.5 0.5
8:48:c 0 0.5 0.5
8:48:cr 0.5 0.5 0
8:48:r 0.5 0.5 0
8:49: 0 0.5 0.5
8:49:c 0 0.5 0.5
8:49:cr 0.5 0.5 0
8:49:r 0.5 0.5 0
8:50: 0 0.5 0.5
8:50:c 0 0.5 0.5
8:50:cr 0.5 0.5 0
8:50:r 0.5 0.5 0
8:51: 0 0.5 0.5
8:51:c 0 0.5 0.5
8:51:cr 0.5 0.5 0
8:51:r 0.5 0.5 0
8:9: 0 0.5 0.5
8:9:c 0 0.5 0.5
8:9:cr 0.5 0.5 0
8:9:r 0.5 0.5 0
9:10: 0 0.5 0.5
9:10:c 0 0.5 0.5
9:10:cr 0.5 0.5 0
9:10:r 0.5 0.5 0
9:11: 0 0.5 0.5
9:11:c 0 0.5 0.5
9:11:cr 0.5 0.5 0
9:11:r 0.5 0.5 0
9:12: 0 0.5 0.5
9:12:c 0 0.5 0.5
9:12:cr 0.5 0.5 0
9:12:r 0.5 0.5 0
9:13: 0 0.5 0.5
9:13:c 0 0.5 0.5
9:13:cr 0.5 0.5 0
9:13:r 0.5 0.5 0
9:14: 0 0.5 0.5
9:14:c 0 0.5 0.5
9:14:cr 0.5 0.5 0
9:14:r 0.5 0.5 0
9:15: 0 0.5 0.5
9:15:c 0 0.5 0.5
9:15:cr 0.5 0.5 0
9:15:r 0.5 0.5 0
9:16: 0 0.5 0.5
9:16:c 0 0.5 0.5
9:16:cr 0.5 0.5 0
9:16:r 0.5 0.5 0
9:17: 0 0.5 0.5
9:17:c 0 0.5 0.5
9:17:cr 0.5 0.5 0
9:17:r 0.5 0.5 0
9:18: 0 0.5 0.5
9:18:c 0 0.5 0.5
9:18:cr 0.5 0.5 0
9:18:r 0.5 0.5 0
9:19: 0 0.5 0.5
9:19:c 0 0.5 0.5
9:19:cr 0.5 0.5 0
9:19:r 0.5 0.5 0
9:20: 0 0.5 0.5
9:20:c 0 0.5 0.5
9:20:cr 0.5 0.5 0
9:20:r 0.5 0.5 0
9:21: 0 0.5 0.5
9:21:c 0 0.5 0.5
9:21:cr 0.5 0.5 0
9:21:r 0.5 0.5 0
9:22: 0 0.5 0.5
9:22:c 0 0.5 0.5
9:22:cr 0.5 0.5 0
9:22:r 0.5 0.5 0
9:23: 0 0.5 0.5
9:23:c 0 0.5 0.5
9:23:cr 0.5 0.5 0
9:23:r 0.5 0.5 0
9:24: 0 0.5 0.5
9:24:c 0 0.5 0.5
9:24:cr 0.5 0.5 0
9:24:r 0.5 0.5 0
9:25: 0 0.5 0.5
9:25:c 0 0.5 0.5
9:25:cr 0.5 0.5 0
9:25:r 0.5 0.5 0
9:26: 0 0.5 0.5
9:26:c 0 0.5 0.5
9:26:cr 0.5 0.5 0
9:26:r 0.5 0.5 0
9:27: 0 0.5 0.5
9:27:c 0 0.5 0.5
9:27:cr 0.5 0.5 0
9:27:r 0.5 0.5 0
9:28: 0 0.5 0.5
9:28:c 0 0.5 0.5
9:28:cr 0.5 0.5 0
9:28:r 0.5 0.5 0
9:29: 0 0.5 0.5
9:29:c 0 0.5 0.5
9:29:cr 0.5 0.5 0
9:29:r 0.5 0.5 0
9:30: 0 0.5 0.5
9:30:c 0 0.5 0.5
9:30:cr 0.5 0.5 0
9:30:r 0.5 0.5 0
9:31: 0 0.5 0.5
9:31:c 0 0.5 0.5
9:31:cr 0.5 0.5 0
9:31:r 0.5 0.5 0
9:32: 0 0.5 0.5
9:32:c 0 0.5 0.5
9:32:cr 0.5 0.5 0
9:32:r 0.5 0.5 0
9:33: 0 0.5 0.5
9:33:c 0 0.5 0.5
9:33:cr 0.5 0.5 0
9:33:r 0.5 0.5 0
9:34: 0 0.5 0.5
9:34:c 0 0.5 0.5
9:34:cr 0.5 0.5 0
9:34:r 0.5 0.5 0
9:35: 0 0.5 0.5
9:35:c 0 0.5 0.5
9:35:cr 0.5 0.5 0
9:35:r 0.5 0.5 0
9:36: 0 0.5 0.5
9:36:c 0 0.5 0.5
9:36:cr 0.5 0.5 0
9:36:r 0.5 0.5 0
9:37: 0 0.5 0.5
9:37:c 0 0.5 0.5
9:37:cr 0.5 0.5 0
9:37:r 0.5 0.5 0
9:38: 0 0.5 0.5
9:38:c 0 0.5 0.5
9:38:cr 0.5 0.5 0
9:38:r 0.5 0.5 0
9:39: 0 0.5 0.5
9:39:c 0 0.5 0.5
9:39:cr 0.5 0.5 0
9:39:r 0.5 0.5 0
9:40: 0 0.5 0.5
9:40:c 0 0.5 0.5
9:40:cr 0.5 0.5 0
9:40:r 0.5 0.5 0
9:41: 0 0.5 0.5
9:41:c 0 0.5 0.5
9:41:cr 0.5 0.5 0
9:41:r 0.5 0.5 0
9:42: 0 0.5 0.5
9:42:c 0 0.5 0.5
9:42:cr 0.5 0.5 0
9:42:r 0.5 0.5 0
9:43: 0 0.5 0.5
9:43:c 0 0.5 0.5
9:43:cr 0.5 0.5 0
9:43:r 0.5 0.5 0
9:44: 0 0.5 0.5
9:44:c 0 0.5 0.5
9:44:cr 0.5 0.5 0
9:44:r 0.5 0.5 0
9:45: 0 0.5 0.5
9:45:c 0 0.5 0.5
9:45:cr 0.5 0.5 0
9:45:r 0.5 0.5 0
9:46: 0 0.5 0.5
9:46:c 0 0.5 0.5
9:46:cr 0.5 0.5 0
9:46:r 0.5 0.5 0
9:47: 0 0.5 0.5
9:47:c 0 0.5 0.5
9:47:cr 0.5 0.5 0
9:47:r 0.5 0.5 0
9:48: 0 0.5 0.5
9:48:c 0 0.5 0.5
9:48:cr 0.5 0.5 0
9:48:r 0.5 0.5 0
9:49: 0 0.5 0.5
9:49:c 0 0.5 0.5
9:49:cr 0.5 0.5 0
9:49:r 0.5 0.5 0
9:50: 0 0.5 0.5
9:50:c 0 0.5 0.5
9:50:cr 0.5 0.5 0
9:50:r 0.5 0.5 0
9:51: 0 0.5 0.5
9:51:c 0 0.5 0.5
9:51:cr 0.5 0.5 0
9:51:r 0.5 0.5 0
